375
0 0 0 0 0 0 -807524822368
1 0 0 0 0 0 -96793894232765
2 0 0 0 0 0 -1170084
2 0 0 0 0 1 35996498
2 0 0 0 0 2 3028277
2 0 0 0 0 3 -3763465
2 0 0 0 0 4 541757
3 0 36 36 35 0 25000000000000
3 0 36 36 35 1 -38526936
3 0 36 36 35 2 -6723799730
3 0 36 36 35 3 515327501
3 0 36 36 35 4 -6480205634
3 0 36 36 35 5 492432457
3 0 37 35 35 0 24974371469212
3 0 37 35 35 1 -38985523
3 0 37 35 35 2 -6530626368
3 0 37 35 35 3 499703123
3 0 37 35 35 4 -6356695768
3 0 37 35 35 5 476721680
3 0 37 36 34 0 24947640645654
3 0 37 36 34 1 -39581932
3 0 37 36 34 2 -6649118222
3 0 37 36 34 3 512052228
3 0 37 36 34 4 -6323572009
3 0 37 36 34 5 479380913
3 0 37 36 34 6 -6165995634
3 0 37 36 34 7 462630614
3 0 37 37 33 0 24868063407582
3 0 37 37 33 1 -48030147
3 0 37 37 33 2 -6644900551
3 0 37 37 33 3 516609375
3 0 37 37 33 4 -5914844416
3 0 37 37 33 5 445293895
3 0 38 35 34 0 24897751352720
3 0 38 35 34 1 -46448047
3 0 38 35 34 2 -6527512426
3 0 38 35 34 3 501953280
3 0 38 35 34 4 -6412267783
3 0 38 35 34 5 489861917
3 0 38 35 34 6 -6048938524
3 0 38 35 34 7 447830835
3 0 38 36 33 0 24843870921594
3 0 38 36 33 1 -52113766
3 0 38 36 33 2 -6411680212
3 0 38 36 33 3 497873098
3 0 38 36 33 4 -5971621722
3 0 38 36 33 5 453696324
3 0 38 36 33 6 -5801672794
3 0 38 36 33 7 430592304
3 0 38 37 32 0 24738050047103
3 0 38 37 32 1 -63835363
3 0 38 37 32 2 -6599479732
3 0 38 37 32 3 517263336
3 0 38 37 32 4 -5632712964
3 0 38 37 32 5 428166162
3 0 38 37 32 6 -5464027443
3 0 38 37 32 7 410223986
3 0 38 38 31 0 24579318735366
3 0 38 38 31 1 -88805893
3 0 38 38 31 2 -5807759600
3 0 38 38 31 3 462094655
3 0 38 38 31 4 -4913209990
3 0 38 38 31 5 375938249
3 0 39 34 34 0 24798939887465
3 0 39 34 34 1 -61568709
3 0 39 34 34 2 -6258060708
3 0 39 34 34 3 480504058
3 0 39 34 34 4 -5742961901
3 0 39 34 34 5 418347382
3 0 39 35 33 0 24772190176800
3 0 39 35 33 1 -61203086
3 0 39 35 33 2 -6247109257
3 0 39 35 33 3 482115871
3 0 39 35 33 4 -6192316620
3 0 39 35 33 5 471911826
3 0 39 35 33 6 -5618063035
3 0 39 35 33 7 409570931
3 0 39 36 32 0 24692079240685
3 0 39 36 32 1 -70568339
3 0 39 36 32 2 -6168545124
3 0 39 36 32 3 479724651
3 0 39 36 32 4 -5483504714
3 0 39 36 32 5 419094462
3 0 39 36 32 6 -5284664478
3 0 39 36 32 7 388880334
3 0 39 37 31 0 24559133514038
3 0 39 37 31 1 -96939037
3 0 39 37 31 2 -5516592897
3 0 39 37 31 3 437615917
3 0 39 37 31 4 -5189330103
3 0 39 37 31 5 402012875
3 0 39 37 31 6 -4765942711
3 0 39 37 31 7 358577629
3 0 39 38 30 0 24393838393253
3 0 39 38 30 1 -124768180
3 0 39 38 30 2 -4673647199
3 0 39 38 30 3 375145118
3 0 39 38 30 4 -4363398620
3 0 39 38 30 5 343786789
3 0 39 38 30 6 -4123363805
3 0 39 38 30 7 321323804
3 0 39 39 29 0 24186188765670
3 0 39 39 29 1 -142384527
3 0 39 39 29 2 -5030933006
3 0 39 39 29 3 401048455
3 0 39 39 29 4 -3474713757
3 0 39 39 29 5 286388959
3 0 40 34 33 0 24661602432089
3 0 40 34 33 1 -81012126
3 0 40 34 33 2 -6206967392
3 0 40 34 33 3 475294065
3 0 40 34 33 4 -5855642019
3 0 40 34 33 5 447839208
3 0 40 34 33 6 -5296740950
3 0 40 34 33 7 378230742
3 0 40 35 32 0 24606226159646
3 0 40 35 32 1 -82641762
3 0 40 35 32 2 -6132770792
3 0 40 35 32 3 470684528
3 0 40 35 32 4 -5681920012
3 0 40 35 32 5 432775761
3 0 40 35 32 6 -5153913484
3 0 40 35 32 7 370659097
3 0 40 36 31 0 24519718048529
3 0 40 36 31 1 -94424112
3 0 40 36 31 2 -5787784061
3 0 40 36 31 3 447788967
3 0 40 36 31 4 -5150031787
3 0 40 36 31 5 395060458
3 0 40 36 31 6 -4649060607
3 0 40 36 31 7 339424546
3 0 40 37 30 0 24383589976509
3 0 40 37 30 1 -118289033
3 0 40 37 30 2 -5827611279
3 0 40 37 30 3 456121146
3 0 40 37 30 4 -4662664575
3 0 40 37 30 5 369930040
3 0 40 37 30 6 -3863327400
3 0 40 37 30 7 294515380
3 0 40 38 29 0 24183076356067
3 0 40 38 29 1 -171181298
3 0 40 38 29 2 -3691786230
3 0 40 38 29 3 294267793
3 0 40 38 29 4 -3204210587
3 0 40 38 29 5 276628170
3 0 40 38 29 6 -3180963843
3 0 40 38 29 7 258038878
3 0 40 39 28 0 23941568582745
3 0 40 39 28 1 -199183245
3 0 40 39 28 2 -3409240157
3 0 40 39 28 3 269885378
3 0 40 39 28 4 -2279326861
3 0 40 39 28 5 219333038
3 0 40 39 28 6 -2283001358
3 0 40 39 28 7 212815607
3 0 40 40 27 0 23622368120574
3 0 40 40 27 1 -228530459
3 0 40 40 27 2 -3613449538
3 0 40 40 27 3 285261181
3 0 40 40 27 4 -1071150379
3 0 40 40 27 5 149392928
3 0 41 33 33 0 24562807101608
3 0 41 33 33 1 -100410695
3 0 41 33 33 2 -5583344259
3 0 41 33 33 3 420277939
3 0 41 33 33 4 -4368764396
3 0 41 33 33 5 298797576
3 0 41 34 32 0 24532209200270
3 0 41 34 32 1 -120067024
3 0 41 34 32 2 -4917701656
3 0 41 34 32 3 374033691
3 0 41 34 32 4 -5068165763
3 0 41 34 32 5 389144357
3 0 41 34 32 6 -4312701330
3 0 41 34 32 7 296478558
3 0 41 35 31 0 24450533420450
3 0 41 35 31 1 -151977945
3 0 41 35 31 2 -3148594992
3 0 41 35 31 3 252010335
3 0 41 35 31 4 -4927636331
3 0 41 35 31 5 378216499
3 0 41 35 31 6 -4013329528
3 0 41 35 31 7 281418774
3 0 41 36 30 0 24340480054631
3 0 41 36 30 1 -135920960
3 0 41 36 30 2 -4554847601
3 0 41 36 30 3 349486958
3 0 41 36 30 4 -4253726294
3 0 41 36 30 5 329068732
3 0 41 36 30 6 -3558901772
3 0 41 36 30 7 257934773
3 0 41 37 29 0 24164688629200
3 0 41 37 29 1 -162141792
3 0 41 37 29 2 -4687995689
3 0 41 37 29 3 361936288
3 0 41 37 29 4 -3516188561
3 0 41 37 29 5 292505654
3 0 41 37 29 6 -2819301821
3 0 41 37 29 7 222764169
3 0 41 38 28 0 23916150151809
3 0 41 38 28 1 -214807483
3 0 41 38 28 2 -3036449431
3 0 41 38 28 3 234855999
3 0 41 38 28 4 -2378127228
3 0 41 38 28 5 226154464
3 0 41 38 28 6 -2036015689
3 0 41 38 28 7 188490652
3 0 41 39 27 0 23613142541915
3 0 41 39 27 1 -231875072
3 0 41 39 27 2 -3639414605
3 0 41 39 27 3 282316267
3 0 41 39 27 4 -1237071234
3 0 41 39 27 5 162539988
3 0 41 39 27 6 -707854859
3 0 41 39 27 7 118947728
3 0 41 40 26 0 23237754375700
3 0 41 40 26 1 -268697757
3 0 41 40 26 2 -3510237543
3 0 41 40 26 3 277787985
3 0 41 40 26 4 182601758
3 0 41 40 26 5 87155993
3 0 41 40 26 6 207626722
3 0 41 40 26 7 79737170
3 0 41 41 25 0 22809790637080
3 0 41 41 25 1 -304604823
3 0 41 41 25 2 -3483528871
3 0 41 41 25 3 280543204
3 0 41 41 25 4 1999303142
3 0 41 41 25 5 -12746856
3 0 42 36 29 0 24119172461932
3 0 42 36 29 1 -180699062
3 0 42 36 29 2 -4102728202
3 0 42 36 29 3 303229403
3 0 42 36 29 4 -3428530290
3 0 42 36 29 5 274892183
3 0 42 36 29 6 -2453353474
3 0 42 36 29 7 181544147
3 0 42 39 26 0 23220187307382
3 0 42 39 26 1 -291843407
3 0 42 39 26 2 -2934143852
3 0 42 39 26 3 222551591
3 0 42 39 26 4 193297940
3 0 42 39 26 5 86745496
3 0 42 39 26 6 -36886117
3 0 42 39 26 7 86943305
3 0 42 40 25 0 22806846560986
3 0 42 40 25 1 -324450672
3 0 42 40 25 2 -3053594439
3 0 42 40 25 3 239785008
3 0 42 40 25 4 2348052919
3 0 42 40 25 5 -28860420
3 0 42 40 25 6 1741291727
3 0 42 40 25 7 -3898320
3 0 42 41 24 0 22323045997006
3 0 42 41 24 1 -376778898
3 0 42 41 24 2 -1963528415
3 0 42 41 24 3 147802589
3 0 42 41 24 4 3513185225
3 0 42 41 24 5 -85008161
3 0 42 41 24 6 4813539258
3 0 42 41 24 7 -162987091
3 0 43 40 24 0 22383944274668
3 0 43 40 24 1 -358088526
3 0 43 40 24 2 -3215138545
3 0 43 40 24 3 253996227
3 0 43 40 24 4 4021320294
3 0 43 40 24 5 -132090036
3 0 43 40 24 6 3339930440
3 0 43 40 24 7 -82458778
3 0 43 41 23 0 21792328035588
3 0 43 41 23 1 -423122044
3 0 43 41 23 2 -2463408349
3 0 43 41 23 3 205986117
3 0 43 41 23 4 6330521549
3 0 43 41 23 5 -241386369
3 0 43 41 23 6 6701370871
3 0 43 41 23 7 -248992025
3 0 43 42 22 0 21192785921169
3 0 43 42 22 1 -489119238
3 0 43 42 22 2 -1579410149
3 0 43 42 22 3 147871456
3 0 43 42 22 4 8530941485
3 0 43 42 22 5 -336722407
3 0 43 42 22 6 6354352750
3 0 43 42 22 7 -188643162
3 0 43 43 21 0 20550015275795
3 0 43 43 21 1 -523726194
3 0 43 43 21 2 -1147611820
3 0 43 43 21 3 166602037
3 0 43 43 21 4 9823214102
3 0 43 43 21 5 -377668087
3 0 44 40 23 0 21768777873355
3 0 44 40 23 1 -468551641
3 0 44 40 23 2 -2480466935
3 0 44 40 23 3 192040853
3 0 44 40 23 4 7562001717
3 0 44 40 23 5 -332483412
3 0 44 40 23 6 16670039789
3 0 44 40 23 7 -844283733
3 0 44 41 22 0 21194902547398
3 0 44 41 22 1 -484904090
3 0 44 41 22 2 -1685176026
3 0 44 41 22 3 142888941
3 0 44 41 22 4 7873150702
3 0 44 41 22 5 -313348194
3 0 44 41 22 6 7463675293
3 0 44 41 22 7 -263971701
3 0 44 42 21 0 20548737199536
3 0 44 42 21 1 -526705831
3 0 44 42 21 2 -908111917
3 0 44 42 21 3 105301105
3 0 44 42 21 4 11361054306
3 0 44 42 21 5 -485260916
3 0 44 42 21 6 9065889728
3 0 44 42 21 7 -328103668
3 0 44 43 20 0 19858856866326
3 0 44 43 20 1 -597076582
3 0 44 43 20 2 -304050762
3 0 44 43 20 3 114898096
3 0 44 43 20 4 11949348483
3 0 44 43 20 5 -467595258
3 0 44 43 20 6 14093989642
3 0 44 43 20 7 -583710214
3 0 45 37 25 0 22985502120241
3 0 45 37 25 1 -325565979
3 0 45 37 25 2 -3972916213
3 0 45 37 25 3 231945823
3 0 45 37 25 4 555947111
3 0 45 37 25 5 14084710
3 0 45 37 25 6 -27462057607
3 0 45 37 25 7 1650491847
3 0 45 38 24 0 22294376098680
3 0 45 38 24 1 -375089172
3 0 45 38 24 2 -4025279111
3 0 45 38 24 3 259422611
3 0 45 38 24 4 2419744888
3 0 45 38 24 5 -68068913
3 0 45 38 24 6 -26935680985
3 0 45 38 24 7 1650491847
3 0 45 39 23 0 21883638107174
3 0 45 39 23 1 -437458246
3 0 45 39 23 2 -2275055707
3 0 45 39 23 3 126932413
3 0 45 39 23 4 4650322240
3 0 45 39 23 5 -175058113
3 0 45 39 23 6 -26126769529
3 0 45 39 23 7 1650491847
3 0 45 40 22 0 21218132875978
3 0 45 40 22 1 -514254316
3 0 45 40 22 2 -1813656305
3 0 45 40 22 3 125339064
3 0 45 40 22 4 7567475555
3 0 45 40 22 5 -316351118
3 0 45 40 22 6 -25185295814
3 0 45 40 22 7 1650491847
3 0 45 41 21 0 20546489240217
3 0 45 41 21 1 -546963331
3 0 45 41 21 2 -874703160
3 0 45 41 21 3 72139779
3 0 45 41 21 4 11467679143
3 0 45 41 21 5 -513092022
3 0 45 41 21 6 -24662801285
3 0 45 41 21 7 1650491847
4 0 40 34 33 0 0
4 0 40 35 32 0 0
4 0 40 36 31 0 0
4 0 40 37 30 0 0
4 0 40 38 29 0 0
4 0 40 39 28 0 0
4 0 40 40 27 0 0
4 0 41 40 26 0 0
4 0 42 40 25 0 0
4 0 43 40 24 0 0
4 0 44 40 23 0 -119
4 0 45 40 22 0 -77
97
45 41 23
45 40 24
45 39 25
45 38 26
45 37 27
45 36 28
45 35 29
45 34 30
45 33 31
45 32 32
44 42 23
44 41 24
44 40 25
44 39 26
44 38 27
44 37 28
44 36 29
44 35 30
44 34 31
44 33 32
43 43 23
43 42 24
43 41 25
43 40 26
43 39 27
43 38 28
43 37 29
43 36 30
43 35 31
43 34 32
43 33 33
45 38 25
45 37 26
45 36 27
45 35 28
45 34 29
45 33 30
45 32 31
44 40 24
44 39 25
44 38 26
44 37 27
44 36 28
44 35 29
44 34 30
44 33 31
44 32 32
43 40 25
43 39 26
43 38 27
43 37 28
43 36 29
43 35 30
43 34 31
43 33 32
45 35 27
45 34 28
45 33 29
45 32 30
44 38 25
44 37 26
44 36 27
44 35 28
44 34 29
44 33 30
44 32 31
43 35 29
45 33 28
42 35 32
42 42 25
42 36 31
42 41 26
42 40 27
42 39 28
42 38 29
42 37 30
42 34 33
43 42 23
43 41 24
42 42 24
42 40 26
42 38 28
42 37 29
42 34 32
43 38 26
43 37 27
43 36 28
43 34 30
43 33 31
43 32 32
42 41 25
42 39 27
42 35 31
42 33 33
44 41 23
42 36 30
45 39 24
26
45 45 7
45 43 15
44 44 15
45 42 20
44 43 22
41 41 27
41 40 28
41 39 29
41 38 30
41 37 31
41 36 32
41 35 33
41 34 34
45 40 23
44 42 22
45 31 31
44 39 24
43 39 25
42 42 23
42 38 27
42 37 28
42 34 31
42 33 32
44 34 28
45 36 26
42 35 30
18
112 112 29
112 111 35
112 110 45
111 111 45
112 109 51
111 110 51
111 108 56
110 109 56
109 109 57
112 105 58
111 106 58
112 104 59
111 105 59
112 103 60
111 104 60
112 102 61
111 103 61
111 102 62
44
14 13 13 5014216
14 14 12 0
15 13 12 0
15 14 11 1944481
15 15 10 1664737
16 12 12 767352
16 13 11 0
16 14 10 1150364
16 15 9 1349944
16 16 8 2299399
17 12 11 2681952
17 13 10 0
17 14 9 3217722
17 15 8 2202089
17 16 7 419298
17 17 6 2977790
18 11 11 1868022
18 12 10 2409059
18 13 9 2201237
18 14 8 1845550
18 15 7 2110709
18 16 6 1585079
18 17 5 3916551
18 18 4 1599695
19 11 10 0
19 12 9 1655966
19 13 8 1241676
19 14 7 0
19 15 6 0
19 16 5 0
19 17 4 0
19 18 3 0
19 19 2 0
20 10 10 0
20 11 9 235646
20 12 8 0
20 13 7 0
20 14 6 0
20 15 5 0
20 16 4 0
20 17 3 0
20 18 2 0
20 19 1 0
20 20 0 0
