970 961 952 943 880 871 862 853 844 772 763 754 664 655 
0 0 0 0 0 1 2 1 2 7 9 8 4 6 871 13867 4786472 1 
0 0 0 0 0 1 3 1 1 6 9 10 4 5 871 13851 2753200 1 
0 0 0 0 0 1 4 0 2 6 7 9 6 5 871 13867 4794632 1 
0 0 0 0 0 1 4 1 3 6 7 2 9 7 871 13867 2705696 1 
0 0 0 0 0 1 5 2 0 4 9 7 7 5 871 13867 2689314 1 
0 0 0 0 0 1 5 2 0 5 7 9 3 8 871 13867 4787464 1 
0 0 0 0 0 1 6 1 1 5 5 8 5 8 871 13867 2689824 1 
0 0 0 0 0 1 7 1 0 4 5 10 5 7 862 13867 592672 4097 
0 0 0 0 0 2 1 2 2 6 8 8 5 6 862 13851 641032 17 
0 0 0 0 0 2 1 3 0 5 10 11 3 5 871 13867 2196530 1 
0 0 0 0 0 2 1 4 1 5 10 4 6 7 871 13851 575640 1 
0 0 0 0 0 2 2 0 5 7 4 4 9 7 871 13867 2763024 1 
0 0 0 0 0 2 2 1 3 6 6 7 7 6 862 13851 525992 16385 
0 0 0 0 0 2 2 2 1 5 8 10 5 5 871 13851 592552 1 
0 0 0 0 0 2 2 3 2 5 8 3 8 7 862 13851 530594 8193 
0 0 0 0 0 2 2 4 0 3 12 4 10 3 871 13867 2196258 1 
0 0 0 0 0 2 2 4 0 4 10 6 6 6 871 13851 2670730 1 
0 0 0 0 0 2 3 0 4 6 4 6 9 6 862 13851 574096 9 
0 0 0 0 0 2 3 1 2 5 6 9 7 5 871 13851 575626 1 
0 0 0 0 0 2 3 2 0 4 8 12 5 4 862 13851 530608 8193 
0 0 0 0 0 2 3 2 3 6 4 4 6 10 871 13851 2704520 1 
0 0 0 0 0 2 3 3 1 4 8 5 8 6 871 13851 641160 1 
0 0 0 0 0 2 3 3 1 5 6 7 4 9 871 13851 694402 1 
0 0 0 0 0 2 3 4 2 5 6 0 7 11 871 13851 4360744 1 
0 0 0 0 0 2 4 0 3 5 4 8 9 5 844 13851 1192 303105 
0 0 0 0 0 2 4 1 1 1 15 5 7 4 862 13851 530600 8193 
0 0 0 0 0 2 4 1 1 2 13 7 3 7 871 13851 576136 1 
0 0 0 0 0 2 4 1 1 4 6 11 7 4 871 13851 641034 1 
0 0 0 0 0 2 4 2 2 3 8 2 14 3 853 13867 557578 4259841 
0 0 0 0 0 2 4 2 2 5 4 6 6 9 871 13851 694416 1 
0 0 0 0 0 2 4 2 2 6 2 8 2 12 871 13851 690832 1 
0 0 0 0 0 2 4 3 0 3 8 7 8 5 862 13851 643074 33 
0 0 0 0 0 2 4 3 0 4 6 9 4 8 871 13851 576144 1 
0 0 0 0 0 2 4 4 1 4 6 2 7 10 871 13867 2198568 1 
0 0 0 0 0 2 5 0 2 2 11 6 5 7 862 13851 694274 33 
0 0 0 0 0 2 5 0 2 4 4 10 9 4 862 13851 641026 17 
0 0 0 0 0 2 5 1 0 3 6 13 7 3 862 13851 527016 4097 
0 0 0 0 0 2 5 2 1 2 8 4 14 2 862 13851 592424 4097 
0 0 0 0 0 2 5 2 1 2 11 4 2 11 871 13851 2787856 1 
0 0 0 0 0 2 5 2 1 3 6 6 10 5 871 13867 4785448 1 
0 0 0 0 0 2 5 2 1 4 4 8 6 8 871 13851 694290 1 
0 0 0 0 0 2 5 2 1 5 2 10 2 11 862 13851 559760 9 
0 0 0 0 0 2 5 4 0 3 6 4 7 9 871 13867 625928 1 
0 0 0 0 0 2 6 1 2 2 9 3 4 11 871 13867 2198538 1 
0 0 0 0 0 2 6 2 0 3 4 10 6 7 853 13851 573954 97 
0 0 0 0 0 3 0 0 2 5 7 17 6 0 871 13867 608298 1 
0 0 0 0 0 3 0 3 2 5 7 8 6 6 853 13851 524962 12289 
0 0 0 0 0 3 0 5 1 4 9 4 7 7 853 13851 5296 270337 
0 0 0 0 0 3 1 2 3 5 5 7 8 6 853 13851 524976 12289 
0 0 0 0 0 3 1 3 1 4 7 10 6 5 871 13851 574104 1 
0 0 0 0 0 3 1 4 2 4 7 3 9 7 853 13851 20618 264193 
0 0 0 0 0 3 1 5 0 3 9 6 7 6 871 13851 563352 1 
0 0 0 0 0 3 1 5 0 4 7 8 3 9 853 13851 575490 49 
0 0 0 0 0 3 2 1 1 2 12 12 1 6 871 13867 641034 1 
0 0 0 0 0 3 2 2 2 4 5 9 8 5 862 13851 576008 17 
0 0 0 0 0 3 2 3 0 1 14 8 2 7 871 13851 531112 1 
0 0 0 0 0 3 2 3 0 3 7 12 6 4 871 13851 531120 1 
0 0 0 0 0 3 2 4 1 3 7 5 9 6 853 13851 573954 49 
0 0 0 0 0 3 2 4 1 4 5 7 5 9 862 13851 525992 4097 
0 0 0 0 0 3 3 0 2 2 10 11 3 6 871 13851 559768 1 
0 0 0 0 0 3 3 2 1 0 14 5 8 4 862 13851 529064 8193 
0 0 0 0 0 3 3 2 1 1 12 7 4 7 871 13851 560280 1 
0 0 0 0 0 3 3 2 1 3 5 11 8 4 871 13867 614442 1 
0 0 0 0 0 3 3 3 2 4 3 6 7 9 871 13851 579602 1 
0 0 0 0 0 3 3 4 0 1 12 5 1 11 871 13851 564368 1 
0 0 0 0 0 3 3 4 0 2 7 7 9 5 862 13851 573962 17 
0 0 0 0 0 3 3 4 0 3 5 9 5 8 871 13851 641154 1 
0 0 0 0 0 3 4 1 2 0 12 4 10 4 862 13851 529058 8193 
0 0 0 0 0 3 4 1 2 1 10 6 6 7 871 13851 576024 1 
0 0 0 0 0 3 4 1 2 2 8 8 2 10 871 13851 579594 1 
0 0 0 0 0 3 4 3 1 1 10 4 3 11 871 13851 579608 1 
0 0 0 0 0 3 4 3 1 2 5 6 11 5 862 13851 582146 33 
0 0 0 0 0 3 4 3 1 3 3 8 7 8 871 13851 625800 1 
0 0 0 0 0 3 4 3 1 4 1 10 3 11 871 13851 610346 1 
0 0 0 0 0 3 4 5 0 2 5 4 8 9 871 13851 700434 1 
0 0 0 0 0 3 5 2 2 1 8 3 5 11 862 13851 577546 17 
0 0 0 0 0 4 0 4 1 3 6 10 7 5 871 13867 672306 1 
0 0 0 0 0 4 1 2 1 1 11 12 2 6 853 13851 10882 2097161 
0 0 0 0 0 4 1 2 4 4 2 6 11 6 871 13867 2663448 1 
0 0 0 0 0 4 1 3 2 3 4 9 9 5 862 13851 526000 4097 
0 0 0 0 0 4 1 4 3 3 4 2 12 7 862 13851 647170 65 
0 0 0 0 0 4 1 4 3 4 2 4 8 10 871 13867 4240642 1 
0 0 0 0 0 4 1 5 1 2 6 5 10 6 862 13851 529584 513 
0 0 0 0 0 4 1 5 1 3 4 7 6 9 871 13867 582162 1 
0 0 0 0 0 4 2 1 2 1 9 11 4 6 871 13851 530088 1 
0 0 0 0 0 4 2 3 1 0 11 7 5 7 871 13851 530096 1 
0 0 0 0 0 4 2 3 1 1 9 9 1 10 871 13867 582154 1 
0 0 0 0 0 4 2 4 2 2 4 4 12 6 862 13851 582146 17 
0 0 0 0 0 4 2 5 0 2 4 9 6 8 871 13867 2173458 1 
0 0 0 0 0 4 3 0 3 1 7 10 6 6 871 13867 563226 1 
0 0 0 0 0 4 3 2 2 0 9 6 7 7 853 13851 9258 294913 
0 0 0 0 0 4 3 2 2 1 7 8 3 10 871 13851 577562 1 
0 0 0 0 0 4 3 4 1 0 9 4 4 11 871 13867 676370 1 
0 0 0 0 0 4 4 1 3 0 7 5 9 7 844 13851 9856 2097473 
0 0 0 0 0 4 4 1 3 1 5 7 5 10 871 13867 566808 1 
0 0 0 0 0 4 4 3 2 0 7 3 6 11 871 13851 582162 1 
0 0 0 0 0 5 0 5 0 0 10 10 0 10 853 13867 14600 1050625 
0 0 0 0 0 5 1 2 2 0 8 11 5 6 871 13867 565786 1 
0 0 0 0 0 5 2 1 3 0 6 10 7 6 844 13851 1666 2113545 
0 0 0 0 0 5 3 2 3 0 4 7 6 10 862 13851 13488 262145 
0 0 0 0 1 0 0 4 1 4 16 4 6 4 853 13851 5792 8449 
0 0 0 0 1 0 1 0 5 7 8 6 5 7 862 13851 36008 8193 
0 0 0 0 1 0 1 1 3 6 10 9 3 6 880 13867 2400916 0 
0 0 0 0 1 0 1 2 4 6 10 2 6 8 862 13851 35504 8193 
0 0 0 0 1 0 2 0 4 6 8 8 5 6 880 13867 3187850 0 
0 0 0 0 1 0 2 1 2 5 10 11 3 5 862 13851 35490 8193 
0 0 0 0 1 0 2 2 3 4 12 2 10 4 880 13851 2671490 0 
0 0 0 0 1 0 2 2 3 5 10 4 6 7 844 13851 688 90113 
0 0 0 0 1 0 2 3 1 4 12 7 4 6 880 13851 2671496 0 
0 0 0 0 1 0 3 0 3 5 8 10 5 5 862 13851 49826 1025 
0 0 0 0 1 0 3 1 1 4 10 13 3 4 880 13867 2397346 0 
0 0 0 0 1 0 3 2 2 4 10 6 6 6 880 13867 2393776 0 
0 0 0 0 1 0 4 0 2 4 8 12 5 4 862 13851 40096 257 
0 0 0 0 1 0 4 0 5 4 8 0 14 4 880 13851 825492 0 
0 0 0 0 1 0 4 2 1 2 12 6 10 2 844 13851 1696 24833 
0 0 0 0 1 0 4 2 1 3 10 8 6 5 880 13851 2656540 0 
0 0 0 0 1 0 5 0 1 3 8 14 5 3 862 13851 36002 8193 
0 0 0 0 1 0 5 1 2 4 6 9 4 8 880 13867 2393762 0 
0 0 0 0 1 0 5 2 0 2 10 10 6 4 862 13851 15008 257 
0 0 0 0 1 0 6 0 0 2 8 16 5 2 880 13867 3195556 0 
0 0 0 0 1 0 6 0 3 3 6 6 10 5 880 13851 836370 0 
0 0 0 0 1 0 6 1 1 2 8 9 8 4 880 13851 2670982 0 
0 0 0 0 1 0 6 1 1 3 6 11 4 7 880 13867 2400902 0 
0 0 0 0 1 0 6 2 2 3 6 4 7 9 880 13867 826512 0 
0 0 0 0 1 0 6 3 0 2 8 7 5 8 880 13851 835862 0 
0 0 0 0 1 0 8 0 1 0 8 8 14 0 880 13867 789736 0 
0 0 0 0 1 0 8 0 1 2 4 12 6 6 880 13851 2656534 0 
0 0 0 0 1 0 8 2 0 1 6 8 7 7 880 13851 789232 0 
0 0 0 0 1 0 9 1 1 1 4 7 9 7 862 13851 51730 65 
0 0 0 0 1 0 10 0 2 1 2 6 11 7 880 13851 788336 0 
0 0 0 0 1 0 10 4 0 0 4 0 9 12 880 13851 788328 0 
0 0 0 0 1 1 0 1 5 6 7 6 6 7 871 13851 58018 1 
0 0 0 0 1 1 0 2 3 5 9 9 4 6 871 13851 40112 1 
0 0 0 0 1 1 0 4 2 4 11 5 5 7 871 13851 51880 1 
0 0 0 0 1 1 0 5 0 3 13 8 3 6 880 13851 302256 0 
0 0 0 0 1 1 1 1 4 5 7 8 6 6 844 13851 554 86017 
0 0 0 0 1 1 1 2 2 4 9 11 4 5 862 13851 6832 8193 
0 0 0 0 1 1 1 3 3 5 7 6 3 10 862 13851 21154 1025 
0 0 0 0 1 1 1 4 1 3 11 7 5 6 862 13851 6818 8193 
0 0 0 0 1 1 2 1 3 4 7 10 6 5 853 13851 39968 259 
0 0 0 0 1 1 2 2 1 3 9 13 4 4 880 13867 2398484 0 
0 0 0 0 1 1 2 3 2 3 9 6 7 6 880 13851 269720 0 
0 0 0 0 1 1 2 3 2 4 7 8 3 9 880 13867 312176 0 
0 0 0 0 1 1 2 4 0 2 11 9 5 5 880 13851 269744 0 
0 0 0 0 1 1 2 5 1 3 9 4 4 10 880 13867 269208 0 
0 0 0 0 1 1 3 1 2 3 7 12 6 4 871 13851 40098 1 
0 0 0 0 1 1 3 2 0 2 9 15 4 3 862 13851 7344 8193 
0 0 0 0 1 1 3 2 3 3 7 5 9 6 880 13867 307380 0 
0 0 0 0 1 1 3 2 3 4 5 7 5 9 871 13851 55434 1 
0 0 0 0 1 1 3 3 1 2 9 8 7 5 871 13851 51874 1 
0 0 0 0 1 1 3 3 1 3 7 10 3 8 871 13851 51888 1 
0 0 0 0 1 1 3 5 0 2 9 6 4 9 880 13867 273128 0 
0 0 0 0 1 1 4 1 1 2 7 14 6 3 862 13851 7336 8193 
0 0 0 0 1 1 4 2 2 2 7 7 9 5 880 13851 273124 0 
0 0 0 0 1 1 4 2 2 3 5 9 5 8 862 13851 22152 129 
0 0 0 0 1 1 4 3 0 1 9 10 7 4 871 13851 51850 1 
0 0 0 0 1 1 4 3 0 2 7 12 3 7 880 13851 273128 0 
0 0 0 0 1 1 4 4 1 2 7 5 6 9 880 13851 268208 0 
0 0 0 0 1 1 5 1 0 1 7 16 6 2 862 13851 10920 4097 
0 0 0 0 1 1 5 2 1 1 7 9 9 4 862 13851 15496 129 
0 0 0 0 1 1 5 2 1 2 5 11 5 7 853 13851 15488 385 
0 0 0 0 1 1 5 4 0 1 7 7 6 8 862 13851 22146 65 
0 0 0 0 1 1 6 2 0 1 5 13 5 6 862 13851 15520 257 
0 0 0 0 1 1 6 3 1 1 5 6 8 8 880 13851 268194 0 
0 0 0 0 1 1 8 2 1 0 3 7 10 7 880 13851 319601 0 
0 0 0 0 1 2 0 2 4 4 6 8 7 6 844 13851 562 77825 
0 0 0 0 1 2 0 3 2 3 8 11 5 5 844 13851 538 82945 
0 0 0 0 1 2 0 4 3 3 8 4 8 7 853 13851 8880 5121 
0 0 0 0 1 2 0 4 3 4 6 6 4 10 853 13851 1698 20481 
0 0 0 0 1 2 0 5 1 2 10 7 6 6 871 13851 39986 1 
0 0 0 0 1 2 0 7 0 2 10 5 3 10 880 13851 273521 0 
0 0 0 0 1 2 1 2 3 3 6 10 7 5 862 13851 14504 2049 
0 0 0 0 1 2 1 3 1 2 8 13 5 4 871 13851 15010 1 
0 0 0 0 1 2 1 4 2 2 8 6 8 6 862 13851 5808 8193 
0 0 0 0 1 2 1 4 2 3 6 8 4 9 871 13851 22178 1 
0 0 0 0 1 2 1 5 0 1 10 9 6 5 871 13851 51754 1 
0 0 0 0 1 2 2 2 2 2 6 12 7 4 880 13851 277672 0 
0 0 0 0 1 2 2 2 5 5 0 6 4 13 871 13867 145682 1 
0 0 0 0 1 2 2 3 0 1 8 15 5 3 862 13851 5794 8193 
0 0 0 0 1 2 2 3 3 2 6 5 10 6 880 13851 272104 0 
0 0 0 0 1 2 2 3 3 3 4 7 6 9 862 13851 39946 17 
0 0 0 0 1 2 2 4 1 1 8 8 8 5 871 13851 51762 1 
0 0 0 0 1 2 2 4 1 2 6 10 4 8 871 13851 15024 1 
0 0 0 0 1 2 2 5 2 2 6 3 7 10 862 13851 13354 262145 
0 0 0 0 1 2 2 6 0 1 8 6 5 9 880 13851 268082 0 
0 0 0 0 1 2 3 2 1 1 6 14 7 3 871 13851 15016 1 
0 0 0 0 1 2 3 2 4 4 0 8 4 12 871 13851 87082 1 
0 0 0 0 1 2 3 3 2 2 4 9 6 8 871 13851 15528 1 
0 0 0 0 1 2 3 4 0 1 6 12 4 7 871 13851 55322 1 
0 0 0 0 1 2 3 5 1 1 6 5 7 9 871 13851 55346 1 
0 0 0 0 1 2 4 2 3 3 0 10 4 11 853 13851 57864 21 
0 0 0 0 1 2 4 3 1 1 4 11 6 7 880 13851 273624 0 
0 0 0 0 1 2 4 4 2 1 4 4 9 9 880 13851 273617 0 
0 0 0 0 1 2 4 5 0 0 6 7 7 8 862 13851 15490 65 
0 0 0 0 1 2 5 2 2 2 0 12 4 10 871 13867 145458 1 
0 0 0 0 1 2 5 3 0 0 4 13 6 6 862 13851 57866 17 
0 0 0 0 1 2 5 4 1 0 4 6 9 8 844 13851 1050 286721 
0 0 0 0 1 3 0 3 3 2 5 10 8 5 844 13851 1050 53249 
0 0 0 0 1 3 0 4 1 1 7 13 6 4 871 13851 14986 1 
0 0 0 0 1 3 0 5 2 2 5 8 5 9 853 13851 9258 36865 
0 0 0 0 1 3 0 6 0 1 7 11 3 8 880 13851 269465 0 
0 0 0 0 1 3 1 3 2 1 5 12 8 4 862 13851 9904 4097 
0 0 0 0 1 3 1 4 0 0 7 15 6 3 871 13851 39962 1 
0 0 0 0 1 3 1 5 1 1 5 10 5 8 871 13851 15498 1 
0 0 0 0 1 3 2 3 1 0 5 14 8 3 871 13851 22168 1 
0 0 0 0 1 3 2 4 2 0 5 7 11 5 844 13851 1050 282625 
0 0 0 0 1 3 2 4 2 1 3 9 7 8 862 13851 15490 9 
0 0 0 0 1 3 2 5 0 0 5 12 5 7 880 13851 267946 0 
0 0 0 0 1 3 3 4 1 0 3 11 7 7 871 13851 15000 1 
0 0 0 0 1 3 3 4 1 1 1 13 3 10 871 13851 15536 1 
0 0 0 0 1 3 4 3 2 0 1 10 9 7 880 13851 276144 0 
0 0 0 0 1 4 1 4 4 1 0 6 10 9 862 13851 13488 513 
0 0 0 0 2 0 0 0 10 8 0 0 4 16 844 13851 8234 7169 
0 0 0 0 2 0 0 2 6 5 6 4 4 11 844 13851 1162 45057 
0 0 0 0 2 0 0 3 4 3 10 5 6 7 880 13851 15076 0 
0 0 0 0 2 0 0 4 2 2 12 8 4 6 880 13851 14052 0 
0 0 0 0 2 0 0 4 5 4 8 0 5 12 844 13851 6178 10273 
0 0 0 0 2 0 1 0 6 4 6 8 7 6 862 13851 6706 8193 
0 0 0 0 2 0 1 3 3 2 10 7 6 6 853 13851 6186 10241 
0 0 0 0 2 0 2 0 5 3 6 10 7 5 880 13851 40049 0 
0 0 0 0 2 0 2 2 4 3 6 8 4 9 853 13851 1578 20481 
0 0 0 0 2 0 2 3 2 1 10 9 6 5 862 13851 6698 8193 
0 0 0 0 2 0 2 4 3 2 8 4 5 10 880 13851 15252 0 
0 0 0 0 2 0 3 0 4 2 6 12 7 4 862 13851 10794 4097 
0 0 0 0 2 0 4 0 3 1 6 14 7 3 862 13851 14378 2049 
0 0 0 0 2 0 4 0 6 2 4 4 12 6 880 13851 15046 0 
0 0 0 0 2 0 4 0 6 4 0 8 4 12 880 13867 40205 0 
0 0 0 0 2 0 4 1 4 1 6 7 10 5 880 13851 15088 0 
0 0 0 0 2 0 4 2 2 1 6 12 4 7 880 13851 15241 0 
0 0 0 0 2 0 4 2 5 2 4 2 9 10 862 13851 14896 3 
0 0 0 0 2 0 4 3 3 1 6 5 7 9 880 13851 14150 0 
0 0 0 0 2 0 5 0 5 2 2 8 8 8 862 13851 14888 3 
0 0 0 0 2 0 5 1 3 0 6 9 10 4 862 13851 14888 5 
0 0 0 0 2 0 6 0 4 0 4 8 12 4 844 13851 1560 20485 
0 0 0 0 2 0 6 0 4 1 2 10 8 7 880 13851 15080 0 
0 0 0 0 2 0 6 2 3 0 4 6 9 8 880 13851 15045 0 
0 0 0 0 2 0 8 0 2 0 0 16 4 8 880 13851 40014 0 
0 0 0 0 2 0 8 0 5 0 0 4 13 8 880 13851 14149 0 
0 0 0 0 2 1 0 2 4 2 7 11 6 5 880 13851 15018 0 
0 0 0 0 2 1 0 3 5 3 5 6 5 10 871 13851 14898 1 
0 0 0 0 2 1 0 4 3 2 7 9 3 9 880 13851 15014 0 
0 0 0 0 2 1 0 6 2 1 9 5 4 10 880 13851 14108 0 
0 0 0 0 2 1 1 2 3 1 7 13 6 4 862 13851 5674 8193 
0 0 0 0 2 1 1 3 4 2 5 8 5 9 862 13851 9770 4097 
0 0 0 0 2 1 1 4 2 1 7 11 3 8 853 13851 1562 20481 
0 0 0 0 2 1 2 2 2 0 7 15 6 3 871 13851 14890 1 
0 0 0 0 2 1 2 3 3 1 5 10 5 8 880 13851 14926 0 
0 0 0 0 2 1 3 3 2 0 5 12 5 7 862 13851 9866 4097 
0 0 0 0 2 1 4 2 3 0 3 11 7 7 880 13851 13925 0 
0 0 0 0 2 1 4 3 4 0 3 4 10 9 880 13851 14093 0 
0 0 0 0 2 2 0 4 4 1 4 8 6 9 880 13851 14931 0 
0 0 0 0 2 2 0 4 4 2 2 10 2 12 853 13851 9368 33281 
0 0 0 0 2 2 0 5 2 0 6 11 4 8 880 13851 13902 0 
0 0 0 0 2 2 1 4 3 0 4 10 6 8 871 13851 15410 1 
0 0 0 0 2 2 2 4 2 0 2 14 2 10 880 13851 15001 0 
0 0 0 0 3 0 0 0 8 2 4 8 9 6 880 13851 14894 0 
0 0 0 0 3 0 0 0 11 4 0 0 10 12 844 13851 8218 5633 
0 0 0 0 3 0 0 2 7 1 6 4 10 7 880 13851 13870 0 
0 0 0 0 3 0 1 2 6 0 6 6 10 6 862 13851 5658 8193 
0 0 0 0 3 0 2 0 6 0 4 12 9 4 880 13851 14891 0 
0 0 0 0 3 0 4 0 7 0 0 8 10 8 880 13851 13869 0 
0 0 0 0 3 1 0 3 6 0 3 8 7 9 880 13851 13853 0 
0 0 0 0 4 0 0 0 12 0 0 0 16 8 880 13851 13851 0 
0 0 0 1 0 2 2 1 2 6 7 2 8 9 943 582171 1666 6291457 
0 0 0 1 0 2 3 1 1 6 5 6 4 11 943 582171 538 540673 
0 0 0 1 0 2 4 1 0 4 7 6 8 7 943 582171 650 2099201 
0 0 0 1 0 2 4 1 0 5 5 8 4 10 943 582171 538 49153 
0 0 0 1 0 2 5 0 1 5 3 7 6 10 943 582171 538 24577 
0 0 0 1 0 2 5 2 0 4 5 3 7 11 943 582171 4146 6145 
0 0 0 1 0 3 0 2 0 5 8 10 4 7 943 582171 554 10241 
0 0 0 1 0 3 0 2 3 6 6 0 9 10 943 582171 1576 9217 
0 0 0 1 0 3 1 1 1 5 6 9 6 7 943 582171 538 18433 
0 0 0 1 0 3 1 3 0 4 8 5 7 8 943 582171 4648 1027 
0 0 0 1 0 3 2 1 0 4 6 11 6 6 943 582171 538 10241 
0 0 0 1 0 3 2 2 1 4 6 4 9 8 943 582171 674 4196353 
0 0 0 1 0 3 3 0 1 2 11 6 4 9 943 582171 538 34817 
0 0 0 1 0 3 3 0 1 4 4 10 8 6 943 582171 4738 2057 
0 0 0 1 0 3 3 2 0 3 6 6 9 7 943 582171 4258 133121 
0 0 0 1 0 3 3 2 0 4 4 8 5 10 943 582171 538 40961 
0 0 0 1 0 3 4 1 1 4 2 7 7 10 943 582171 538 532481 
0 0 0 1 0 4 1 2 0 1 12 7 3 9 943 582171 650 34817 
0 0 0 1 0 4 2 1 1 1 10 6 5 9 943 582171 554 18433 
0 0 0 1 0 4 2 1 1 2 8 8 1 12 943 582171 1554 8201 
0 0 0 1 0 4 3 0 2 1 8 5 7 9 943 582171 674 18433 
0 0 0 1 0 5 2 1 2 0 7 5 8 9 943 582171 1554 8257 
0 0 0 1 0 6 3 0 4 0 0 5 9 12 943 582171 1560 9217 
0 0 0 2 0 2 5 0 0 5 4 2 7 13 943 582171 5154 262177 
0 0 1 0 0 1 4 0 2 6 6 3 10 7 952 582171 1674 2097153 
0 0 1 0 0 2 1 1 1 6 7 9 6 6 952 582171 1578 8193 
0 0 1 0 0 2 2 2 1 5 7 4 9 7 952 582171 4776 1025 
0 0 1 0 0 2 2 2 1 6 5 6 5 10 952 582171 12810 524289 
0 0 1 0 0 2 3 0 1 5 5 10 8 5 952 582171 4770 4194305 
0 0 1 0 0 2 3 1 2 6 3 5 7 10 952 582171 5170 131073 
0 0 1 0 0 2 3 2 0 4 7 6 9 6 952 582171 5792 4194305 
0 0 1 0 0 2 3 2 0 5 5 8 5 9 952 582171 4776 2049 
0 0 1 0 0 2 3 2 0 6 3 10 1 12 952 582171 5170 4097 
0 0 1 0 0 2 4 1 1 5 3 7 7 9 952 582171 4760 2049 
0 0 1 0 0 2 4 3 0 4 5 3 8 10 952 582171 21538 262145 
0 0 1 0 0 2 5 1 0 2 10 5 3 11 952 582171 5272 4097 
0 0 1 0 0 3 0 2 1 5 6 9 7 6 952 582171 4650 2049 
0 0 1 0 0 3 1 2 0 4 6 11 7 5 952 582171 4784 2049 
0 0 1 0 0 3 2 0 0 2 11 13 2 6 952 582171 16938 8193 
0 0 1 0 0 3 2 3 0 3 6 6 10 6 952 582171 5762 65 
0 0 1 0 0 3 2 3 0 4 4 8 6 9 952 582171 5282 4097 
0 0 1 0 0 3 3 0 2 4 2 9 11 5 952 582171 13826 65 
0 0 1 0 0 3 3 1 0 1 11 8 5 7 952 582171 4658 2049 
0 0 1 0 0 3 3 1 0 2 9 10 1 10 952 582171 5666 33 
0 0 1 0 0 3 3 2 1 4 2 7 8 9 952 582171 13826 17 
0 0 1 0 0 3 4 0 1 1 9 7 7 7 952 582171 4770 2049 
0 0 1 0 0 3 4 0 1 2 7 9 3 10 952 582171 4746 2049 
0 0 1 0 0 3 4 2 0 1 9 5 4 11 952 582171 5296 131073 
0 0 1 0 0 4 1 1 0 1 10 13 3 6 952 582171 13826 9 
0 0 1 0 0 4 1 3 2 3 3 3 13 7 952 582171 5258 4097 
0 0 1 0 0 4 1 4 0 2 5 6 11 6 952 582171 5776 9 
0 0 1 0 0 4 2 0 1 1 8 12 5 6 952 582171 4634 2049 
0 0 1 0 0 4 2 2 0 0 10 8 6 7 952 582171 5282 131073 
0 0 1 0 0 4 3 1 1 1 6 9 4 10 952 582171 1562 8193 
0 0 1 0 0 4 4 0 2 1 4 8 6 10 952 582171 12426 65537 
0 0 1 0 0 4 4 2 1 0 6 4 7 11 952 582171 12810 17 
0 0 2 0 0 2 3 0 1 6 2 6 8 10 952 582171 4760 1025 
0 0 2 0 0 2 3 2 0 5 4 2 9 11 952 582171 21538 33 
0 0 2 0 0 4 1 0 2 4 0 8 13 6 952 582171 12330 65537 
0 1 0 0 0 1 0 3 1 6 12 4 3 9 961 582171 149032 1 
0 1 0 0 0 1 1 3 0 5 12 6 3 8 961 582171 18088 1 
0 1 0 0 0 1 2 2 1 5 10 5 5 8 961 582171 22152 1 
0 1 0 0 0 1 3 1 2 5 8 4 7 8 961 582171 22146 1 
0 1 0 0 0 1 3 2 0 4 10 7 5 7 961 582171 18058 1 
0 1 0 0 0 1 4 1 1 4 8 6 7 7 961 582171 42536 1 
0 1 0 0 0 1 5 1 0 3 8 8 7 6 961 582171 5800 1 
0 1 0 0 0 2 0 2 1 5 9 10 3 7 961 582171 21642 1 
0 1 0 0 0 2 0 4 0 3 13 4 8 5 961 582171 22056 1 
0 1 0 0 0 2 2 1 1 4 7 11 5 6 961 582171 5674 1 
0 1 0 0 0 2 2 2 2 5 5 6 4 11 961 582171 37938 1 
0 1 0 0 0 2 2 3 0 2 11 5 10 4 961 582171 13864 1 
0 1 0 0 0 2 2 3 0 3 9 7 6 7 961 582171 12976 1 
0 1 0 0 0 2 4 0 1 0 14 6 7 5 961 582171 17962 1 
0 1 0 0 0 2 4 1 2 4 3 7 6 10 961 582171 21554 1 
0 1 0 0 0 2 4 2 0 2 7 8 8 6 961 582171 5794 1 
0 1 0 0 0 2 4 2 0 3 5 10 4 9 961 582171 5770 1 
0 1 0 0 0 2 6 0 2 1 8 4 4 12 961 582171 12952 1 
0 1 0 0 0 3 0 6 0 3 8 3 4 12 961 582171 13968 1 
0 1 0 0 0 3 1 2 1 3 6 11 6 6 961 582171 5682 1 
0 1 0 0 0 3 1 3 2 3 6 4 9 8 961 582171 13954 1 
0 1 0 0 0 3 1 4 0 2 8 7 7 7 961 582171 5808 1 
0 1 0 0 0 3 2 5 0 2 6 4 6 11 961 582171 42626 1 
0 1 0 0 0 3 3 1 1 2 4 12 8 5 961 582171 12842 1 
0 1 0 0 0 3 3 3 0 1 6 8 9 6 961 582171 12850 1 
0 1 0 0 0 3 3 3 0 2 4 10 5 9 961 582171 12826 1 
0 1 0 0 0 3 6 3 0 0 2 6 10 9 961 582171 110632 1 
0 1 0 0 0 4 0 5 0 1 7 7 8 7 961 582171 38050 1 
0 1 0 0 0 4 2 0 2 0 8 12 4 7 961 582171 5658 1 
0 1 0 0 0 4 2 4 0 0 5 8 10 6 961 582171 13842 1 
0 1 0 1 0 2 3 2 0 4 6 3 5 13 961 582171 57866 1 
0 1 0 1 0 2 4 0 0 4 4 9 4 11 961 582171 41498 1 
0 1 0 1 0 3 1 2 0 3 7 6 7 9 961 582171 45232 1 
0 1 1 0 0 2 1 2 0 4 8 6 7 8 961 582171 41648 1 
0 1 1 0 0 2 1 2 0 5 6 8 3 11 961 582171 41514 1 
0 1 1 0 0 3 2 2 0 3 3 9 6 10 961 582171 45218 1 
0 1 1 0 0 3 4 1 0 0 8 6 4 12 961 582171 41610 1 
0 2 0 0 0 0 2 0 2 6 10 4 4 10 961 582171 1706 1 
0 2 0 0 0 1 0 2 1 4 13 3 7 7 961 582171 17066 1 
0 2 0 0 0 1 4 0 1 3 7 7 7 8 961 582171 4778 1 
0 2 0 0 0 2 1 2 1 3 8 6 6 9 961 582171 5290 1 
0 2 0 0 0 2 5 0 1 2 2 10 6 10 961 582171 12458 1 
0 4 0 0 0 0 0 0 3 6 8 0 1 18 961 582171 41130 1 
1 0 0 0 0 0 2 2 0 5 10 13 2 5 970 582171 263850 0 
1 0 0 0 0 1 2 2 1 1 16 6 5 5 970 582171 5929 0 
1 0 0 0 0 1 2 2 1 4 7 12 5 5 970 582171 5740 0 
1 0 0 0 0 1 3 3 1 2 9 5 12 3 970 582171 5864 0 
1 0 0 0 0 2 0 0 2 4 6 19 6 0 970 582171 5678 0 
1 0 0 0 0 2 2 2 2 0 13 5 8 5 970 582171 5675 0 
1 0 0 0 0 2 2 2 2 3 4 11 8 5 970 582171 5661 0 
1 0 0 0 0 2 3 3 2 1 9 4 3 12 970 582171 5733 0 
1 0 0 0 0 2 3 3 2 4 0 10 3 12 970 582171 5715 0 
1 0 0 0 0 3 1 1 3 1 8 11 4 7 970 582171 5659 0 
1 0 0 0 0 3 3 3 3 0 6 3 6 12 970 582171 5827 0 
