42 13
14 14 14
15 14 13
15 15 12
16 14 12
16 15 11
17 16 9
17 17 8
18 12 12
18 15 9
18 16 8
18 17 7
18 18 6
20 16 6
43 6
15 14 14
15 15 13
17 17 9
18 16 9
18 17 8
18 18 7
44 3
15 15 14
18 17 9
18 18 8
45 2
15 15 15
18 18 9
155
6 0 43 33 32 6 -41 2 -203 14 -134 9 -18432 -2232369 2097 23649 -18432
0
0
0
6 0 43 33 33 3 -6 0 -76 5 -76 5 1265 152766 299 19515 1265
0
0
0
6 0 43 34 31 6 -156 9 -197 13 -143 10 -70725 -8558103 378 23244 -70725
0
0
0
6 0 43 34 32 4 -58 3 -122 8 -100 7 -25526 -3088651 5 19317 -25526
0
0
0
6 0 43 35 29 79 -2303 133 -2900 194 -1713 124 -1122280 -135796514 634 26787 -1122280
0
0
0
6 0 43 35 30 5 -106 6 -165 11 -105 7 -46808 -5664561 793 22569 -46808
0
0
0
6 0 43 35 31 3 -11 0 -89 6 -60 4 -1731 -209478 27 18777 -1731
0
0
0
6 0 43 36 29 4 -75 4 -135 9 -84 6 -35490 -4294683 393 21456 -35490
0
0
0
6 0 43 36 30 3 8 -1 -90 6 -51 3 7616 920592 944 18066 7616
0
0
0
6 0 43 37 28 3 -90 5 -113 7 -27 2 -40047 -4848225 2538 20205 -40047
0
0
0
6 0 43 37 29 2 -52 3 -63 4 -34 2 -21422 -2592941 879 17049 -21422
0
0
0
6 0 43 38 27 6 -187 10 -211 13 -43 3 -80950 -9796896 1946 19281 -80950
0
0
0
6 0 43 38 28 3 -71 4 -95 6 -43 3 -28611 -3464256 2325 16041 -28611
0
0
0
6 0 43 39 26 10 -444 25 -450 27 4 -1 -223252 -27016536 3044 18429 -223252
0
0
0
6 0 43 39 27 2 -55 3 -68 4 -4 0 -21542 -2609064 2482 15129 -21542
0
0
0
6 0 43 40 25 100 -5250 293 -3934 232 151 -28 -2471910 -299102399 1289 17682 -2471910
0
0
0
6 0 43 40 26 3 -106 6 -134 8 -1 0 -55742 -6745881 1099 14349 -55742
0
0
0
6 0 43 41 25 4 -146 8 -188 11 2 -1 -85064 -10295662 2918 13692 -85064
0
0
0
6 0 43 42 24 15 -560 31 -650 36 0 -1 -321028 -38852001 7613 9117 -321028
0
0
0
6 0 43 43 23 5 -23 0 -16 0 1 -1 46557 5625499 7898 4374 46557
0
0
0
6 0 44 32 31 21 -33 -1 -488 34 -600 43 11126 1345161 1085 16350 11126
0
0
0
6 0 44 32 32 5 144 -9 -128 9 -128 9 73998 8952556 1202 13623 73998
0
0
0
6 0 44 33 30 7 -129 7 -188 13 -170 12 -49456 -5984676 500 16155 -49456
0
0
0
6 0 44 33 31 3 77 -5 -74 5 -62 4 43272 5235660 252 13509 43272
0
0
0
6 0 44 33 32 4 109 -7 -100 7 -90 6 59729 7225422 1787 11283 59729
0
0
0
6 0 44 34 29 6 172 -11 -174 12 -138 10 83802 10138758 1284 15531 83802
0
0
0
6 0 44 34 30 3 81 -5 -87 6 -60 4 42522 5144787 375 13218 42522
0
0
0
6 0 44 34 31 3 78 -5 -78 5 -59 4 43656 5280675 1701 11061 43656
0
0
0
6 0 44 35 28 3 61 -4 -75 5 -50 3 36543 4421640 63 14676 36543
0
0
0
6 0 44 35 29 3 74 -5 -88 6 -57 4 37878 4580844 2394 12573 37878
0
0
0
6 0 44 35 30 2 66 -4 -73 5 -44 3 28672 3466824 2488 10707 28672
0
0
0
6 0 44 36 27 4 92 -6 -112 7 -88 7 44895 5431941 354 13881 44895
0
0
0
6 0 44 36 28 3 80 -5 -104 7 -63 5 34922 4220046 5516 11781 34922
0
0
0
6 0 44 36 29 2 47 -3 -58 4 -33 2 25857 3126996 1701 10086 25857
0
0
0
6 0 44 37 26 5 -35 1 -178 11 -15 1 -12183 -1478095 3952 13215 -12183
0
0
0
6 0 44 37 27 3 -74 4 -96 6 -13 1 -26244 -3175956 432 11106 -26244
0
0
0
6 0 44 37 28 2 -25 1 -47 3 -25 2 -3355 -405980 25 9375 -3355
0
0
0
6 0 44 38 25 2847 -7049 -294 -100000 5995 5121 -885 -1192245 -144408606 146961 12792 -1192245
0
0
0
6 0 44 38 26 2 -23 1 -65 4 -4 0 -6789 -822557 1088 10662 -6789
0
0
0
6 0 44 38 27 3 -73 4 -85 5 -11 1 -22155 -2681127 372 8883 -22155
0
0
0
6 0 44 39 25 2 -25 1 -68 4 0 0 -10081 -1220478 677 10272 -10081
0
0
0
6 0 44 39 26 2 -10 0 -49 3 -4 0 4122 496950 1812 8460 4122
0
0
0
6 0 44 40 24 6 49 -4 -213 12 13 -3 19286 2332386 1220 9924 19286
0
0
0
6 0 44 40 25 3 -77 4 -90 5 3 -1 -29172 -3531450 1638 8097 -29172
0
0
0
6 0 44 41 24 2 -29 1 -36 2 4 -1 -1499 -181590 211 7791 -1499
0
0
0
6 0 44 42 23 5 171 -11 -222 12 5 -1 49275 5962044 231 5199 49275
0
0
0
6 0 45 32 30 24 -1050 58 -443 31 -722 54 -443553 -53672598 2685 16884 -443553
0
0
0
6 0 45 32 31 5 -150 8 -119 8 -110 8 -57149 -6917274 2245 14415 -57149
0
0
0
6 0 45 32 32 2 -57 3 -44 3 -44 3 -20378 -2467008 1270 12261 -20378
0
0
0
6 0 45 33 28 2941 -100000 5455 -77774 5426 -67895 5306 -42759806 -5173960968 24442 18477 -42759806
0
0
0
6 0 45 33 29 6 -181 10 -157 11 -124 9 -71334 -8631576 162 16341 -71334
0
0
0
6 0 45 33 30 2 -53 3 -46 3 -35 2 -17155 -2076057 302 14246 -17155
0
0
0
6 0 45 33 31 2 -69 4 -57 4 -47 3 -29517 -3572478 921 12162 -29517
0
0
0
6 0 45 34 28 3 -91 5 -90 6 -62 5 -39800 -4817178 1378 15456 -39800
0
0
0
6 0 45 34 29 4 -120 7 -116 8 -81 6 -48678 -5892120 2082 13665 -48678
0
0
0
6 0 45 34 30 2 -52 3 -48 3 -33 2 -16416 -1988469 2133 11916 -16416
0
0
0
6 0 45 35 27 12 -400 22 -357 23 -245 20 -179847 -21762405 918 14502 -179847
0
0
0
6 0 45 35 28 2 -56 3 -60 4 -38 3 -23907 -2896218 3471 12804 -23907
0
0
0
6 0 45 35 29 3 -86 5 -88 6 -55 4 -33792 -4094658 5826 11322 -33792
0
0
0
6 0 45 36 27 2 -55 3 -49 3 -40 3 -21357 -2584305 108 11903 -21357
0
0
0
6 0 45 36 28 3 -78 4 -89 6 -50 4 -31725 -3841182 2457 10476 -31725
0
0
0
6 0 45 37 26 3 -112 6 -104 6 0 0 -48258 -5839344 126 11055 -48258
0
0
0
6 0 45 37 27 1 -20 1 -19 1 -2 0 -2433 -294516 123 9660 -2433
0
0
0
6 0 45 38 25 5 -224 12 -201 12 0 0 -111795 -13527279 84 10347 -111795
0
0
0
6 0 45 38 26 1 -21 1 -21 1 0 0 -4053 -490491 78 8964 -4053
0
0
0
6 0 45 39 25 3 -86 4 -83 5 0 0 -31771 -3846798 2507 8310 -31771
0
0
0
6 0 45 40 24 4 -120 6 -123 7 10 -2 -51251 -6201576 205 7719 -51251
0
0
0
6 0 45 41 23 159 -4696 260 -5050 262 -1160 77 -2373336 -287173971 315 7191 -2373336
0
0
0
6 1 42 35 32 80 -292 12 -1032 52 -3050 211 -7796 -944592 1276 20238 -7796
0
0
0
6 2 42 42 25 35 -1450 85 -1450 85 -289 9 -779150 -94279500 2350 10809 -779150
0
0
0
6 3 42 36 31 66 -79 2 -766 33 -2350 165 145768 17637696 232 17757 145768
0
0
0
6 4 42 34 32 22 4950 -289 -526 31 -497 34 2155941 260868468 393 28281 2155941
13
14 14 14 -10870
15 14 13 -9947
15 15 12 -8154
16 14 12 -7224
16 15 11 -5436
17 16 9 -1907
17 17 8 -1718
18 12 12 5418
18 15 9 4428
18 16 8 1476
18 17 7 0
18 18 6 0
20 16 6 0
0
0
6 4 42 34 33 7 159 -14 -188 13 -185 13 64059 7749999 1140 16665 64059
13
14 14 14 2528
15 14 13 2488
15 15 12 3480
16 14 12 2364
16 15 11 2709
17 16 9 1600
17 17 8 814
18 12 12 2772
18 15 9 3132
18 16 8 1044
18 17 7 0
18 18 6 0
20 16 6 0
0
0
6 4 42 37 29 379 100000 -5716 -11735 752 -6070 451 43287516 5237787315 2121 26664 43287516
13
14 14 14 -283696
15 14 13 -263336
15 15 12 -189519
16 14 12 -184575
16 15 11 -145521
17 16 9 -57799
17 17 8 -38190
18 12 12 166860
18 15 9 155034
18 16 8 51678
18 17 7 0
18 18 6 0
20 16 6 0
0
0
6 4 42 37 30 7 154 -10 -139 9 -113 8 99111 11989602 2829 15954 99111
13
14 14 14 -310
15 14 13 -294
15 15 12 735
16 14 12 -75
16 15 11 333
17 16 9 9
17 17 8 134
18 12 12 1890
18 15 9 2214
18 16 8 738
18 17 7 0
18 18 6 0
20 16 6 0
0
0
6 4 42 38 28 27 1050 -64 -903 56 -385 29 444158 53742987 131 26091 444158
13
14 14 14 -2022
15 14 13 -1841
15 15 12 378
16 14 12 -867
16 15 11 603
17 16 9 231
17 17 8 -414
18 12 12 7776
18 15 9 8748
18 16 8 2916
18 17 7 0
18 18 6 0
20 16 6 0
0
0
6 4 42 38 29 1 18 -1 -18 1 -14 1 13487 1631148 779 15732 13487
13
14 14 14 -131
15 14 13 -126
15 15 12 -27
16 14 12 -60
16 15 11 -45
17 16 9 -41
17 17 8 -12
18 12 12 36
18 15 9 216
18 16 8 72
18 17 7 0
18 18 6 0
20 16 6 0
0
0
6 4 42 39 28 1 17 -1 -17 1 -14 1 13134 1588950 264 15411 13134
13
14 14 14 -139
15 14 13 -137
15 15 12 -42
16 14 12 -60
16 15 11 -63
17 16 9 -45
17 17 8 -13
18 12 12 18
18 15 9 216
18 16 8 72
18 17 7 0
18 18 6 0
20 16 6 0
0
0
6 4 42 40 26 61 2286 -137 -2300 139 -978 78 783327 94782387 180 24792 783327
13
14 14 14 -6518
15 14 13 -6089
15 15 12 -4221
16 14 12 -2442
16 15 11 -2457
17 16 9 520
17 17 8 -1764
18 12 12 13320
18 15 9 15174
18 16 8 5058
18 17 7 0
18 18 6 0
20 16 6 0
0
0
6 4 42 40 27 7 132 -9 -135 8 -116 9 83538 10106541 1557 15165 83538
13
14 14 14 -568
15 14 13 -557
15 15 12 -96
16 14 12 -294
16 15 11 -180
17 16 9 -269
17 17 8 -140
18 12 12 423
18 15 9 1350
18 16 8 450
18 17 7 0
18 18 6 0
20 16 6 0
0
0
6 4 42 41 26 3 25 -2 -34 2 -29 2 34543 4178997 706 15021 34543
13
14 14 14 -263
15 14 13 -263
15 15 12 -162
16 14 12 -129
16 15 11 -63
17 16 9 -23
17 17 8 -69
18 12 12 360
18 15 9 648
18 16 8 216
18 17 7 0
18 18 6 0
20 16 6 0
0
0
6 4 42 42 24 5 20 -2 20 -2 -19 0 79252 9587835 1657 15411 79252
13
14 14 14 -78
15 14 13 -85
15 15 12 69
16 14 12 -72
16 15 11 63
17 16 9 -30
17 17 8 -3
18 12 12 342
18 15 9 432
18 16 8 144
18 17 7 0
18 18 6 0
20 16 6 0
13
14 14 14 -126
15 14 13 -130
15 15 12 12
16 14 12 -87
16 15 11 45
17 16 9 -38
17 17 8 -34
18 12 12 324
18 15 9 540
18 16 8 180
18 17 7 0
18 18 6 0
20 16 6 0
0
6 4 43 32 32 8 1704 -101 -178 12 -183 12 774251 93683964 407 23178 774251
6
15 14 14 -1800
15 15 13 -1604
17 17 9 0
18 16 9 947
18 17 8 0
18 18 7 0
0
0
6 4 43 33 31 15 2864 -170 -429 29 -274 18 1296405 156862297 2708 22968 1296405
6
15 14 14 -2950
15 15 13 -2636
17 17 9 0
18 16 9 1865
18 17 8 0
18 18 7 0
0
0
6 4 43 34 30 33 957 -60 -992 67 -744 51 438131 53012483 1368 22518 438131
6
15 14 14 -605
15 15 13 -547
17 17 9 0
18 16 9 1600
18 17 8 0
18 18 7 0
0
0
6 4 43 36 28 13 373 -23 -423 27 -267 20 159983 19356348 1595 20817 159983
6
15 14 14 -422
15 15 13 -394
17 17 9 0
18 16 9 750
18 17 8 0
18 18 7 0
0
0
6 4 43 37 27 3 -27 1 -84 5 -29 2 -5179 -627369 710 19983 -5179
6
15 14 14 93
15 15 13 82
17 17 9 0
18 16 9 153
18 17 8 0
18 18 7 0
0
0
6 4 43 38 26 12 -134 5 -444 27 -48 3 -65201 -7890442 1121 19302 -65201
6
15 14 14 375
15 15 13 328
17 17 9 0
18 16 9 850
18 17 8 0
18 18 7 0
0
0
6 4 43 41 24 15 -181 7 -593 33 17 -4 -125563 -15193907 784 11667 -125563
6
15 14 14 577
15 15 13 512
17 17 9 0
18 16 9 950
18 17 8 0
18 18 7 0
0
0
6 4 43 42 23 3 4 -1 8 -1 2 -1 42831 5181949 602 7803 42831
6
15 14 14 27
15 15 13 27
17 17 9 0
18 16 9 98
18 17 8 0
18 18 7 0
13
14 14 14 -122
15 14 13 -125
15 15 12 -63
16 14 12 -102
16 15 11 -27
17 16 9 -32
17 17 8 -18
18 12 12 207
18 15 9 216
18 16 8 72
18 17 7 0
18 18 6 0
20 16 6 0
0
6 5 42 33 33 50 -1283 93 -1029 64 -1029 64 -313598 -37961459 16101 20595 -313598
13
14 14 14 0
15 14 13 22
15 15 12 254
16 14 12 90
16 15 11 1210
17 16 9 4320
17 17 8 6675
18 12 12 0
18 15 9 8254
18 16 8 6673
18 17 7 13899
18 18 6 22837
20 16 6 0
0
0
6 5 42 35 31 7 -172 12 -255 17 -88 5 -61650 -7460027 377 19869 -61650
13
14 14 14 0
15 14 13 4
15 15 12 21
16 14 12 0
16 15 11 440
17 16 9 481
17 17 8 722
18 12 12 414
18 15 9 2158
18 16 8 749
18 17 7 1442
18 18 6 2620
20 16 6 0
0
0
6 5 42 39 27 16 237 -16 -640 39 -88 5 74764 9042020 4424 19200 74764
13
14 14 14 0
15 14 13 11
15 15 12 0
16 14 12 66
16 15 11 1014
17 16 9 560
17 17 8 144
18 12 12 3189
18 15 9 5678
18 16 8 1280
18 17 7 0
18 18 6 0
20 16 6 0
0
0
6 5 42 41 25 77 803 -56 -3723 214 -641 50 -220686 -26705478 2472 18234 -220686
13
14 14 14 0
15 14 13 99
15 15 12 73
16 14 12 245
16 15 11 3064
17 16 9 2091
17 17 8 0
18 12 12 10866
18 15 9 16392
18 16 8 5665
18 17 7 201
18 18 6 0
20 16 6 0
0
0
6 6 42 36 30 43 3077 -161 -1310 85 -377 20 1505512 182148903 18049 15657 1505512
13
14 14 14 0
15 14 13 827
15 15 12 2477
16 14 12 3575
16 15 11 8123
17 16 9 12063
17 17 8 15732
18 12 12 27387
18 15 9 27674
18 16 8 20004
18 17 7 20418
18 18 6 32868
20 16 6 0
0
0
6 6 44 41 23 303 -20216 1026 -11913 643 1214 -200 -10525845 -1273629981 2736 3981 -10525845
3
15 15 14 0
18 17 9 -62709
18 18 8 -62709
0
0
6 7 45 39 24 50 -5000 -294 -1800 106 346 -54 -4306191 -521082473 33362 3443 -4306191
2
15 15 15 0
18 18 9 -266081
0
0
7 0 109 109 62 17 -314 5 -314 5 -70 -8 2006590 730377580 21180 1746327 2006590
0
0
0
7 0 110 98 72 120 3543 -100 -8067 195 -4998 148 14784240 5378897718 2565642 830742 14784240
0
0
0
7 0 110 99 71 22 709 -20 -1588 38 -710 21 2805557 1020805488 417260 811209 2805557
0
0
0
7 0 110 100 70 11 381 -11 -812 19 -334 10 1396426 508084735 214329 791151 1396426
0
0
0
7 0 110 101 69 59 2016 -57 -4877 116 -1647 50 6235575 2267433714 2315586 770757 6235575
0
0
0
7 0 110 102 68 64 4286 -121 -2916 68 -1674 50 18160838 6608998146 1546886 750114 18160838
0
0
0
7 0 110 103 67 11 678 -19 -492 11 -325 10 2911233 1059664558 24254 729297 2911233
0
0
0
7 0 110 104 66 17 1090 -31 -841 19 -333 10 4529261 1648273083 377921 708276 4529261
0
0
0
7 0 110 105 65 30 890 -31 -895 20 -703 21 6361287 2315029590 478878 686751 6361287
0
0
0
7 0 110 106 64 14 148 -8 -258 5 -198 4 2708024 985625182 95554 661404 2708024
0
0
0
7 0 110 107 63 33 333 -19 -621 13 -462 10 6264882 2279956059 460989 567402 6264882
0
0
0
7 0 110 108 62 11 71 -4 -158 2 -65 1 2193483 798295230 132582 424395 2194563
0
0
0
7 0 110 109 61 5 40 -2 -77 1 -51 1 969956 352907218 156766 376674 969956
0
0
0
7 0 110 110 60 261 -4701 71 1938 -79 -736 1 50750401 18449068545 24077419 77715 50750401
0
0
0
7 0 111 97 72 15 360 -10 -913 22 -866 26 1591352 578911698 340430 438528 1591352
0
0
0
7 0 111 98 71 13 357 -10 -884 21 -506 15 1557236 566438934 394970 428523 1557236
0
0
0
7 0 111 99 70 55 1800 -50 -3909 94 -2102 65 6962599 2532206259 2179777 418266 6962599
0
0
0
7 0 111 100 69 21 727 -20 -1642 39 -639 20 2534065 921656043 743617 407886 2534065
0
0
0
7 0 111 101 68 1 73 -2 -43 1 -35 1 302265 110022879 1581 397416 302265
0
0
0
7 0 111 102 67 17 571 -20 -437 10 -381 11 4061090 1478202984 33776 386862 4061090
0
0
0
7 0 111 103 66 36 1037 -38 -882 20 -754 23 8230598 2995484085 453587 376284 8230598
0
0
0
7 0 111 104 65 8 176 -7 -180 4 -150 4 1716604 624744591 99265 365538 1716604
0
0
0
7 0 111 105 64 11 120 -7 -184 4 -150 3 2193246 798322887 18657 354492 2193246
0
0
0
7 0 111 106 63 32 327 -19 -536 11 -427 10 6293893 2290469373 507679 341394 6293893
0
0
0
7 0 111 107 62 9 83 -5 -150 3 -113 3 1742372 633997152 226256 291903 1742372
0
0
0
7 0 111 108 61 5 42 -2 -73 1 -41 1 1010370 367514334 260346 217455 1010452
0
0
0
7 0 111 109 60 7 75 -3 -68 1 -63 2 1567172 570424860 25748 192423 1567289
0
0
0
7 0 111 110 59 120 493 -31 -840 0 -266 -1 25565430 9297529983 8286537 40101 25565430
0
0
0
7 0 111 111 58 16 257 -9 -273 3 -14 -1 3419248 1243839276 766996 20628 3419248
0
0
0
7 0 112 96 72 10 -1702 39 -574 14 -594 18 -4587838 -1670132088 159056 229562 -4587838
0
0
0
7 0 112 97 71 50 -8603 196 -3058 74 -2667 83 -23380564 -8511957668 1432372 224511 -23380564
0
0
0
7 0 112 98 70 20 -3430 78 -1286 31 -897 28 -9304571 -3387280463 416619 219312 -9304571
0
0
0
7 0 112 99 69 4 -423 9 -168 4 -170 5 -893855 -325399734 36514 214067 -893855
0
0
0
7 0 112 100 68 12 -441 5 -185 4 -179 5 777802 283099956 19972 208815 777802
0
0
0
7 0 112 101 67 14 -432 4 -192 4 -178 5 1229304 447353371 113285 203568 1229304
0
0
0
7 0 112 102 66 12 -340 3 -160 3 -146 4 1145248 416781558 88714 198308 1145248
0
0
0
7 0 112 103 65 12 -334 3 -168 3 -150 4 1116852 406511889 22239 192999 1116852
0
0
0
7 0 112 104 64 11 -299 3 -160 3 -140 3 1026376 373521904 78960 187554 1026376
0
0
0
7 0 112 105 63 18 -495 5 -282 6 -241 6 1594983 580132287 441525 181934 1594983
0
0
0
7 0 112 106 62 4 -98 1 -60 1 -49 1 389451 141724775 35389 175158 389451
0
0
0
7 0 112 107 61 15 -393 4 -257 5 -197 6 1273480 463146870 399850 149151 1273480
0
0
0
7 0 112 108 60 4 -94 1 -66 1 -41 1 375824 136749870 50066 110438 375824
0
0
0
7 0 112 109 59 32 -792 12 -69 -3 -75 -1 4485808 1630604200 2229912 97383 4485808
0
0
0
7 0 112 110 58 28 -740 12 -110 -3 -40 -1 3557460 1293449294 1466146 20592 3557460
0
0
0
7 0 112 111 57 12 -357 6 51 -4 30 -3 1673520 608762817 398463 10614 1673520
0
0
0
7 0 112 112 56 11 -348 7 -348 4 33 -3 254055 92369956 106064 3681 254055
0
0
0
7 1 109 107 64 99 -2502 50 -13866 323 1009 -88 -20615997 -7504667811 444903 2627748 -20615997
0
0
0
7 1 109 108 63 23 -1845 42 -2377 54 242 -20 -6193746 -2254673070 149526 1945563 -6193746
0
0
0
7 2 108 108 64 63 -6197 143 -6197 143 491 -50 -18982725 -6910032564 320664 2175906 -18982725
0
0
0
7 2 109 106 65 75 -2645 56 -11433 268 570 -50 -19717113 -7177146411 117279 3060729 -19717113
0
0
0
7 3 108 106 66 153 -7701 168 -18093 423 -957 -20 -34276130 -12476643192 131872 3411423 -34276130
0
0
0
7 3 108 107 65 12 -733 16 -1503 35 -16 -3 -3299716 -1201140090 43466 2915505 -3299716
0
0
0
7 3 109 101 70 1231 -50921 1099 -121416 2898 -12143 -20 -155078491 -56449274917 704193 3531771 -155078491
0
0
0
7 3 109 102 69 42223 -2308402 50944 -4745971 113036 -84462 -10000 -8173364688 -2975119203573 14457141 3445182 -8173364688
0
0
0
7 3 109 103 68 68 -3658 80 -7401 175 -88 -20 -12802820 -4660365182 138702 3355164 -12802820
0
0
0
7 3 109 104 67 148 -7025 151 -16211 382 -130 -50 -26390523 -9606744760 594388 3260802 -26390523
0
0
0
7 3 109 105 66 526 -11720 226 -60593 1421 -823 -200 -68211004 -24830797221 1991765 3162300 -68211004
0
0
0
7 4 107 107 66 200 -18913 443 -18913 443 -11388 377 -66301244 -24133866528 213712 3681540 -66301244
0
0
0
