6 0 43 33 32 canonical=23649 full=76680 min=-18432 witness=[13,15,15][3,15,15][2,15,15]
6 0 43 33 33 canonical=19515 full=62178 min=1265 witness=[14,14,15][11,11,11][11,11,11]
6 0 43 34 31 canonical=23244 full=75321 min=-70725 witness=[7,18,18][7,9,18][4,18,9]
6 0 43 34 32 canonical=19317 full=61497 min=-25526 witness=[14,14,15][11,11,12][16,16,0]
6 0 43 35 29 canonical=26787 full=88803 min=-1122280 witness=[14,14,15][11,12,12][9,10,10]
6 0 43 35 30 canonical=22569 full=73188 min=-46808 witness=[7,18,18][8,9,18][4,17,9]
6 0 43 35 31 canonical=18777 full=59688 min=-1731 witness=[14,14,15][11,12,12][10,11,10]
6 0 43 36 29 canonical=21456 full=69822 min=-35490 witness=[9,16,18][4,14,18][8,12,9]
6 0 43 36 30 canonical=18066 full=57453 min=7616 witness=[14,14,15][12,12,12][10,10,10]
6 0 43 37 28 canonical=20205 full=66285 min=-40047 witness=[13,15,15][7,15,15][0,14,14]
6 0 43 37 29 canonical=17049 full=54513 min=-21422 witness=[7,18,18][10,12,15][8,12,9]
6 0 43 38 27 canonical=19281 full=64386 min=-80950 witness=[14,14,15][2,18,18][9,9,9]
6 0 43 38 28 canonical=16041 full=52002 min=-28611 witness=[9,16,18][6,14,18][7,12,9]
6 0 43 39 26 canonical=18429 full=62883 min=-223252 witness=[7,18,18][10,12,17][5,12,9]
6 0 43 39 27 canonical=15129 full=50064 min=-21542 witness=[9,16,18][9,12,18][4,14,9]
6 0 43 40 25 canonical=17682 full=61785 min=-2471910 witness=[14,14,15][13,13,14][8,9,8]
6 0 43 40 26 canonical=14349 full=48708 min=-55742 witness=[7,18,18][11,12,17][5,12,9]
6 0 43 41 25 canonical=13692 full=47808 min=-85064 witness=[14,14,15][13,14,14][8,9,8]
6 0 43 42 24 canonical=9117 full=31614 min=-321028 witness=[14,14,15][14,14,14][8,8,8]
6 0 43 43 23 canonical=4374 full=15336 min=46557 witness=[8,17,18][7,18,18][5,9,9]
6 0 44 32 31 canonical=16350 full=53883 min=11126 witness=[14,15,15][10,11,11][10,10,11]
6 0 44 32 32 canonical=13623 full=44145 min=73998 witness=[9,17,18][8,12,12][8,12,12]
6 0 44 33 30 canonical=16155 full=53292 min=-49456 witness=[8,18,18][6,9,18][4,17,9]
6 0 44 33 31 canonical=13509 full=43776 min=43272 witness=[8,18,18][6,9,18][4,18,9]
6 0 44 33 32 canonical=11283 full=35973 min=59729 witness=[14,15,15][1,16,16][10,11,11]
6 0 44 34 29 canonical=15531 full=51363 min=83802 witness=[9,17,18][8,14,12][7,10,12]
6 0 44 34 30 canonical=13218 full=42840 min=42522 witness=[9,17,18][9,13,12][7,11,12]
6 0 44 34 31 canonical=11061 full=35217 min=43656 witness=[8,18,18][7,9,18][4,18,9]
6 0 44 35 28 canonical=14676 full=48753 min=36543 witness=[9,17,18][7,12,16][7,12,9]
6 0 44 35 29 canonical=12573 full=40824 min=37878 witness=[14,15,15][11,12,12][9,10,10]
6 0 44 35 30 canonical=10707 full=34056 min=28672 witness=[9,17,18][9,14,12][8,10,12]
6 0 44 36 27 canonical=13881 full=46533 min=44895 witness=[14,15,15][0,18,18][9,9,9]
6 0 44 36 28 canonical=11781 full=38439 min=34922 witness=[9,17,18][10,14,12][6,10,12]
6 0 44 36 29 canonical=10086 full=32130 min=25857 witness=[14,15,15][4,16,16][9,10,10]
6 0 44 37 26 canonical=13215 full=44964 min=-12183 witness=[14,15,15][12,12,13][8,9,9]
6 0 44 37 27 canonical=11106 full=36702 min=-26244 witness=[8,18,18][9,12,16][6,12,9]
6 0 44 37 28 canonical=9375 full=30087 min=-3355 witness=[14,15,15][7,15,15][0,14,14]
6 0 44 38 25 canonical=12792 full=44469 min=-1192245 witness=[14,15,15][12,12,14][5,15,5]
6 0 44 38 26 canonical=10662 full=36027 min=-6789 witness=[8,18,18][9,12,17][5,12,9]
6 0 44 38 27 canonical=8883 full=29097 min=-22155 witness=[8,18,18][9,12,17][6,12,9]
6 0 44 39 25 canonical=10272 full=35586 min=-10081 witness=[9,17,18][10,17,12][4,9,12]
6 0 44 39 26 canonical=8460 full=28440 min=4122 witness=[14,15,15][3,18,18][8,9,9]
6 0 44 40 24 canonical=9924 full=35244 min=19286 witness=[9,17,18][11,17,12][4,8,12]
6 0 44 40 25 canonical=8097 full=27990 min=-29172 witness=[8,18,18][10,12,18][4,12,9]
6 0 44 41 24 canonical=7791 full=27711 min=-1499 witness=[14,15,15][13,14,14][8,8,8]
6 0 44 42 23 canonical=5199 full=18369 min=49275 witness=[9,17,18][6,18,18][5,9,9]
6 0 45 32 30 canonical=16884 full=20862 min=-443553 witness=[15,15,15][10,11,11][10,10,10]
6 0 45 32 31 canonical=14415 full=17181 min=-57149 witness=[15,15,15][10,11,11][0,15,16]
6 0 45 32 32 canonical=12261 full=14157 min=-20378 witness=[15,15,15][10,11,11][10,11,11]
6 0 45 33 28 canonical=18477 full=23979 min=-42759806 witness=[15,15,15][11,11,11][9,9,10]
6 0 45 33 29 canonical=16341 full=20289 min=-71334 witness=[9,18,18][6,9,18][2,18,9]
6 0 45 33 30 canonical=14246 full=16996 min=-17155 witness=[15,15,15][11,11,11][10,10,10]
6 0 45 33 31 canonical=12162 full=14010 min=-29517 witness=[15,15,15][1,16,16][10,10,11]
6 0 45 34 28 canonical=15456 full=19332 min=-39800 witness=[15,15,15][11,11,12][0,14,14]
6 0 45 34 29 canonical=13665 full=16335 min=-48678 witness=[9,18,18][9,12,13][7,12,10]
6 0 45 34 30 canonical=11916 full=13692 min=-16416 witness=[9,18,18][9,12,13][8,12,10]
6 0 45 35 27 canonical=14502 full=18414 min=-179847 witness=[15,15,15][0,17,18][9,9,9]
6 0 45 35 28 canonical=12804 full=15390 min=-23907 witness=[15,15,15][11,12,12][9,9,10]
6 0 45 35 29 canonical=11322 full=12996 min=-33792 witness=[9,18,18][8,9,18][3,17,9]
6 0 45 36 27 canonical=11903 full=14575 min=-21357 witness=[15,15,15][12,12,12][9,9,9]
6 0 45 36 28 canonical=10476 full=12096 min=-31725 witness=[9,18,18][9,9,18][1,18,9]
6 0 45 37 26 canonical=11055 full=14031 min=-48258 witness=[9,18,18][10,12,15][5,12,9]
6 0 45 37 27 canonical=9660 full=11466 min=-2433 witness=[9,18,18][10,10,17][7,13,7]
6 0 45 38 25 canonical=10347 full=13905 min=-111795 witness=[15,15,15][12,13,13][0,10,15]
6 0 45 38 26 canonical=8964 full=11250 min=-4053 witness=[15,15,15][12,13,13][0,11,15]
6 0 45 39 25 canonical=8310 full=11112 min=-31771 witness=[15,15,15][13,13,13][0,10,15]
6 0 45 40 24 canonical=7719 full=11037 min=-51251 witness=[15,15,15][13,13,14][8,8,8]
6 0 45 41 23 canonical=7191 full=10971 min=-2373336 witness=[9,18,18][5,18,18][5,9,9]
6 1 42 35 32 canonical=20238 full=83160 min=-7796 witness=[14,14,14][11,12,12][10,11,11]
6 2 42 42 25 canonical=10809 full=45282 min=-779150 witness=[6,18,18][9,16,17][7,9,9]
6 3 42 36 31 canonical=17757 full=73431 min=145768 witness=[8,16,18][10,14,12][8,11,12]
6 4 42 34 32 canonical=28281 full=118485 min=2155941 witness=[8,17,17][9,12,13][9,12,11]
6 4 42 34 33 canonical=16665 full=69132 min=64059 witness=[7,17,18][10,12,12][9,12,12]
6 4 42 37 29 canonical=26664 full=113022 min=43287516 witness=[12,12,18][1,18,18][8,12,9]
6 4 42 37 30 canonical=15954 full=66531 min=99111 witness=[9,15,18][4,15,18][6,15,9]
6 4 42 38 28 canonical=26091 full=110988 min=444158 witness=[12,14,16][11,15,12][0,14,14]
6 4 42 38 29 canonical=15732 full=65637 min=13487 witness=[13,14,15][12,13,13][9,10,10]
6 4 42 39 28 canonical=15411 full=64599 min=13134 witness=[13,14,15][13,13,13][9,9,10]
6 4 42 40 26 canonical=24792 full=106164 min=783327 witness=[13,14,15][4,18,18][8,9,9]
6 4 42 40 27 canonical=15165 full=63876 min=83538 witness=[14,14,14][13,13,14][9,9,9]
6 4 42 41 26 canonical=15021 full=63441 min=34543 witness=[13,14,15][6,17,18][7,10,9]
6 4 42 42 24 canonical=15411 full=65752 min=79252 witness=[14,14,14][14,14,14][8,8,8]
6 4 43 32 32 canonical=23178 full=76896 min=774251 witness=[9,16,18][6,14,12][8,12,12]
6 4 43 33 31 canonical=22968 full=76194 min=1296405 witness=[7,18,18][6,9,18][4,18,9]
6 4 43 34 30 canonical=22518 full=74754 min=438131 witness=[14,14,15][11,11,12][10,10,10]
6 4 43 36 28 canonical=20817 full=69813 min=159983 witness=[13,15,15][12,12,12][9,9,10]
6 4 43 37 27 canonical=19983 full=67725 min=-5179 witness=[8,17,18][9,11,17][5,13,9]
6 4 43 38 26 canonical=19302 full=66357 min=-65201 witness=[13,15,15][12,13,13][8,9,9]
6 4 43 41 24 canonical=11667 full=40140 min=-125563 witness=[13,15,15][13,14,14][7,8,9]
6 4 43 42 23 canonical=7803 full=26838 min=42831 witness=[7,18,18][6,18,18][5,9,9]
6 5 42 33 33 canonical=20595 full=86122 min=-313598 witness=[14,14,14][11,11,11][11,11,11]
6 5 42 35 31 canonical=19869 full=83421 min=-61650 witness=[14,14,14][11,12,12][10,10,11]
6 5 42 39 27 canonical=19200 full=81415 min=74764 witness=[6,18,18][10,12,17][6,12,9]
6 5 42 41 25 canonical=18234 full=77697 min=-220686 witness=[14,14,14][13,14,14][8,8,9]
6 6 42 36 30 canonical=15657 full=65545 min=1505512 witness=[14,14,14][12,12,12][10,10,10]
6 6 44 41 23 canonical=3981 full=13356 min=-10525845 witness=[9,17,18][11,18,12][2,9,12]
6 7 45 39 24 canonical=3443 full=4135 min=-4306191 witness=[9,18,18][11,11,17][6,12,6]
7 0 109 109 62 canonical=1746327 full=8694432 min=2006590 witness=[36,36,37][36,36,37][21,21,20]
7 0 110 98 72 canonical=830742 full=3727872 min=14784240 witness=[34,36,40][22,40,36][0,36,36]
7 0 110 99 71 canonical=811209 full=3640788 min=2805557 witness=[22,43,45][25,29,45][15,34,22]
7 0 110 100 70 canonical=791151 full=3551355 min=1396426 witness=[36,36,38][33,33,34][23,24,23]
7 0 110 101 69 canonical=770757 full=3460437 min=6235575 witness=[36,36,38][33,34,34][23,23,23]
7 0 110 102 68 canonical=750114 full=3368565 min=18160838 witness=[22,43,45][27,30,45][13,33,22]
7 0 110 103 67 canonical=729297 full=3275982 min=2911233 witness=[22,43,45][27,31,45][13,32,22]
7 0 110 104 66 canonical=708276 full=3182508 min=4529261 witness=[36,36,38][34,35,35][22,22,22]
7 0 110 105 65 canonical=686751 full=3086496 min=6361287 witness=[36,36,38][35,35,35][21,22,22]
7 0 110 106 64 canonical=661404 full=2973141 min=2708024 witness=[36,36,38][35,35,36][21,22,21]
7 0 110 107 63 canonical=567402 full=2548017 min=6264882 witness=[36,36,38][35,36,36][21,21,21]
7 0 110 108 62 canonical=424395 full=1904184 min=2194563 witness=[36,36,38][36,36,36][20,21,21]
7 0 110 109 61 canonical=376674 full=1689957 min=969956 witness=[36,36,38][36,36,37][20,21,20]
7 0 110 110 60 canonical=77715 full=348912 min=50750401 witness=[20,45,45][20,45,45][16,22,22]
7 0 111 97 72 canonical=438528 full=1958796 min=1591352 witness=[35,36,40][32,32,33][24,24,24]
7 0 111 98 71 canonical=428523 full=1914363 min=1557236 witness=[35,36,40][32,33,33][23,24,24]
7 0 111 99 70 canonical=418266 full=1868751 min=6962599 witness=[35,36,40][33,33,33][23,23,24]
7 0 111 100 69 canonical=407886 full=1822554 min=2534065 witness=[22,44,45][27,29,44][14,33,22]
7 0 111 101 68 canonical=397416 full=1776015 min=302265 witness=[35,36,40][33,34,34][22,23,23]
7 0 111 102 67 canonical=386862 full=1729242 min=4061090 witness=[36,36,39][34,34,34][22,22,23]
7 0 111 103 66 canonical=376284 full=1682469 min=8230598 witness=[35,36,40][13,45,45][17,26,23]
7 0 111 104 65 canonical=365538 full=1634868 min=1716604 witness=[36,36,39][34,35,35][21,22,22]
7 0 111 105 64 canonical=354492 full=1585692 min=2193246 witness=[35,36,40][15,45,45][17,26,21]
7 0 111 106 63 canonical=341394 full=1527075 min=6293893 witness=[36,36,39][35,35,36][21,21,21]
7 0 111 107 62 canonical=291903 full=1304154 min=1742372 witness=[22,44,45][31,31,45][19,31,12]
7 0 111 108 61 canonical=217455 full=970119 min=1010452 witness=[36,36,39][36,36,36][20,20,21]
7 0 111 109 60 canonical=192423 full=858456 min=1567289 witness=[22,44,45][19,45,45][16,22,22]
7 0 111 110 59 canonical=40101 full=179379 min=25565430 witness=[22,44,45][21,45,44][15,22,22]
7 0 111 111 58 canonical=20628 full=92367 min=3419248 witness=[35,36,40][36,36,39][21,22,15]
7 0 112 96 72 canonical=229562 full=688686 min=-4587838 witness=[22,45,45][25,31,40][18,31,23]
7 0 112 97 71 canonical=224511 full=673533 min=-23380564 witness=[36,36,40][29,30,38][35,36,0]
7 0 112 98 70 canonical=219312 full=657936 min=-9304571 witness=[22,45,45][24,31,43][17,31,22]
7 0 112 99 69 canonical=214067 full=642201 min=-893855 witness=[36,36,40][33,33,33][23,23,23]
7 0 112 100 68 canonical=208815 full=626445 min=777802 witness=[36,36,40][33,33,34][23,23,22]
7 0 112 101 67 canonical=203568 full=610704 min=1229304 witness=[36,36,40][19,41,41][17,32,18]
7 0 112 102 66 canonical=198308 full=594924 min=1145248 witness=[36,36,40][34,34,34][22,22,22]
7 0 112 103 65 canonical=192999 full=578997 min=1116852 witness=[36,36,40][34,34,35][22,22,21]
7 0 112 104 64 canonical=187554 full=562662 min=1026376 witness=[22,45,45][28,31,45][11,31,22]
7 0 112 105 63 canonical=181934 full=545802 min=1594983 witness=[36,36,40][35,35,35][21,21,21]
7 0 112 106 62 canonical=175158 full=525474 min=389451 witness=[36,36,40][35,35,36][21,21,20]
7 0 112 107 61 canonical=149151 full=447453 min=1273480 witness=[36,36,40][35,36,36][20,21,20]
7 0 112 108 60 canonical=110438 full=331314 min=375824 witness=[36,36,40][36,36,36][20,20,20]
7 0 112 109 59 canonical=97383 full=292149 min=4485808 witness=[36,36,40][36,36,37][20,20,19]
7 0 112 110 58 canonical=20592 full=61776 min=3557460 witness=[36,36,40][36,36,38][20,21,17]
7 0 112 111 57 canonical=10614 full=31842 min=1673520 witness=[36,36,40][36,36,39][20,21,16]
7 0 112 112 56 canonical=3681 full=11043 min=254055 witness=[36,36,40][36,36,40][20,21,15]
7 1 109 107 64 canonical=2627748 full=13105134 min=-20615997 witness=[36,36,37][35,36,36][21,22,21]
7 1 109 108 63 canonical=1945563 full=9689064 min=-6193746 witness=[36,36,37][36,36,36][21,21,21]
7 2 108 108 64 canonical=2175906 full=10831089 min=-18982725 witness=[36,36,36][36,36,36][21,21,22]
7 2 109 106 65 canonical=3060729 full=15276834 min=-19717113 witness=[36,36,37][35,35,36][22,22,21]
7 3 108 106 66 canonical=3411423 full=17058042 min=-34276130 witness=[23,40,45][27,35,44][16,34,16]
7 3 108 107 65 canonical=2915505 full=14552154 min=-3299716 witness=[36,36,36][35,36,36][21,22,22]
7 3 109 101 70 canonical=3531771 full=17615934 min=-155078491 witness=[36,36,37][33,34,34][23,24,23]
7 3 109 102 69 canonical=3445182 full=17186235 min=-8173364688 witness=[36,36,37][34,34,34][23,23,23]
7 3 109 103 68 canonical=3355164 full=16739487 min=-12802820 witness=[36,36,37][34,34,35][23,23,22]
7 3 109 104 67 canonical=3260802 full=16270947 min=-26390523 witness=[36,36,37][34,35,35][22,23,22]
7 3 109 105 66 canonical=3162300 full=15781614 min=-68211004 witness=[36,36,37][35,35,35][22,22,22]
7 4 107 107 66 canonical=3681540 full=19194381 min=-66301244 witness=[17,45,45][31,36,40][18,26,22]
PASS cases=155 canonical=55253413 full=262070710 root_remaining=232 excluded=58 min_root=0 root_sum=-45291
