79
36 35 35 -988430396789
36 36 34 -989256056918
37 35 34 -990358663991
37 36 33 -991733037306
37 37 32 -994481783937
38 34 34 -993666485208
38 35 33 -994215198394
38 36 32 -995861337953
38 37 31 -996002957205
38 38 30 -992976382229
39 34 33 -999179520571
39 35 32 -1000000000000
39 36 31 -995126267642
39 37 30 -992676521042
39 38 29 -991584221196
39 39 28 -988561103890
40 33 33 -1000000000000
40 34 32 -999043256445
40 35 31 -993425823360
40 36 30 -992420670441
40 37 29 -992370629995
40 38 28 -989542817895
40 39 27 -987913652271
40 40 26 -987063974362
41 33 32 -995957475156
41 34 31 -991218848745
41 35 30 -990629106687
41 36 29 -992484291485
41 37 28 -992647408043
41 38 27 -990524145963
41 39 26 -988534131732
41 40 25 -987337473713
41 41 24 -986936142290
42 32 32 -992476082402
42 33 31 -988505343798
42 34 30 -988501788301
42 35 29 -991260119688
42 36 28 -995581512873
42 37 27 -995578492983
42 38 26 -993365200551
42 39 25 -990819105923
42 40 24 -988788994814
42 41 23 -988409181641
42 42 22 -988370655999
43 32 31 -985285308517
43 33 30 -985139375856
43 34 29 -988007640183
43 35 28 -995399273448
43 36 27 -1000000000000
43 37 26 -1000000000000
43 38 25 -998153314896
43 39 24 -995141489783
43 40 23 -992735716709
43 41 22 -990606203677
43 42 21 -987881573795
43 43 20 -985865054914
44 31 31 -984414086320
44 32 30 -983239887634
44 33 29 -984590181747
44 35 27 -1000000000000
44 36 26 -1000000000000
44 37 25 -1000000000000
44 38 24 -1000000000000
44 39 23 -1000000000000
44 40 22 -998027251311
44 41 21 -993175583296
44 42 20 -988271740585
44 43 19 -983542706557
45 31 30 -980105305352
45 32 29 -981007744380
45 34 27 -997497323717
45 35 26 -1000000000000
45 36 25 -984360836535
45 37 24 -1000000000000
45 38 23 -1000000000000
45 39 22 -1000000000000
45 40 21 -1000000000000
45 41 20 -991215931507
45 42 19 -986362480999
14
0 41 41 24 90578696 -2805556705387
36
14 14 13 -3342288655255
15 13 13 -3345319534514
15 14 12 -3344430784733
15 15 11 -3341529073835
16 13 12 -3341439004064
16 14 11 -3340903423478
16 15 10 -3338511871322
16 16 9 -3338253637525
17 12 12 -3334248806840
17 13 11 -3334971453314
17 14 10 -3335204812088
17 15 9 -3335593743378
17 16 8 -3336138247184
17 17 7 -3334158976887
18 12 11 -3325069458795
18 13 10 -3325916882264
18 14 9 -3327599323704
18 15 8 -3327752252775
18 16 7 -3331318324298
18 17 6 -3332720800317
18 18 5 -3331215212223
19 11 11 -1311221553066
19 12 10 -1311984987528
19 13 9 -1314275290914
19 14 8 -1318092463224
19 15 7 -1323436504458
19 16 6 -3330307414616
19 17 5 -3337712573125
20 11 10 -3293409127880
20 12 9 -1295621645008
20 13 8 -1300046679264
20 14 7 -1306684230648
20 15 6 -3315534299160
20 16 5 -3326596884800
20 17 4 -3339871987568
20 20 1 -3392972398640
36
14 14 13 -3502329380757
15 13 13 -3505360255549
15 14 12 -3503733395887
15 15 11 -3499931987813
16 13 12 -3502182971036
16 14 11 -3501034842455
16 15 10 -3497358964206
16 16 9 -3498459579871
17 12 12 -3495119050056
17 13 11 -3495173344266
17 14 10 -3495336226896
17 15 9 -3495444156673
17 16 8 -3495987757416
17 17 7 -3494902948275
18 12 11 -3484515260499
18 13 10 -3485359866788
18 14 9 -3487033263192
18 15 8 -3488120499137
18 16 7 -3491449743219
18 17 6 -3493591046860
18 18 5 -3491064728049
19 11 11 -1469612922634
19 12 10 -1470395326626
19 13 9 -1472742538602
19 14 8 -1476654558562
19 15 7 -1482131386506
19 16 6 -3489173022434
19 17 5 -3497779466346
20 11 10 -3450442606410
20 12 9 -3452735524176
20 13 8 -3457321359708
20 14 7 -1464200113006
20 15 6 -3473371784070
20 16 5 -3484836372900
20 17 4 -3498593879496
20 20 1 -3553623905880
55
8 8 8 -145157818176
9 8 7 -144741358321
9 9 6 -144035777529
10 7 7 -143781099693
10 8 6 -143491978756
10 9 5 -142624615945
10 10 4 -141179011260
11 7 6 -141860582437
11 8 5 -141409679481
11 9 4 -140507873569
11 10 3 -139155164701
11 11 2 -137351552877
12 6 6 -139141588572
12 7 5 -138979806553
12 8 4 -138494460496
12 9 3 -137685550401
12 10 2 -136553076268
12 11 1 -135097038097
12 12 0 -133317435888
13 6 5 -135334997161
13 7 4 -135138772041
13 8 3 -134746321801
13 9 2 -134157646441
13 10 1 -133372745961
13 11 0 -132391620361
14 5 5 -130475251305
14 6 4 -130440808204
14 7 3 -130337478901
14 8 2 -130165263396
14 9 1 -129924161689
14 10 0 -129614173780
15 5 4 -124400568985
15 6 3 -124459021701
15 7 2 -124575927133
15 8 1 -124751285281
15 9 0 -124985096145
16 4 4 -117018054384
16 5 3 -117110950201
16 6 2 -117389637652
16 7 1 -117854116737
16 8 0 -118504387456
17 4 3 -108293264401
17 5 2 -108606394953
17 6 1 -109232656057
17 7 0 -110172047713
18 3 3 -98005964301
18 4 2 -98226199036
18 5 1 -98886903241
18 6 0 -99988076916
19 3 2 -86249049901
19 4 1 -86816858289
19 5 0 -87952475065
20 2 2 -72674947548
20 3 1 -73022521201
20 4 0 -74065242160
1 42 41 23 98997447 5983770610462
13
14 14 14 4606896001835
15 14 13 4604518051566
15 15 12 4603582094930
16 14 12 4603342973532
16 15 11 4606365511000
17 16 9 4612585546977
17 17 8 4614128783890
18 12 12 4626364334796
18 15 9 4618646079228
18 16 8 4615092671279
18 17 7 4619422554270
18 18 6 4639440643064
20 16 6 4606232554128
36
14 14 13 -2764132941785
15 13 13 -2766787869569
15 14 12 -2764060054157
15 15 11 -2759067382375
16 13 12 -2763574782572
16 14 11 -2761977365530
16 15 10 -2757683936603
16 16 9 -2759607641710
17 12 12 -2757246184304
17 13 11 -2758219637577
17 14 10 -2757655725270
17 15 9 -2754857585272
17 16 8 -2756805107482
17 17 7 -2756210739969
18 12 11 -2750394380580
18 13 10 -2750722434584
18 14 9 -2746350826977
18 15 8 -2747079017691
18 16 7 -2751280672796
18 17 6 -2749581449037
18 18 5 -2751167190050
19 11 11 -2739442953093
19 12 10 -2739853008218
19 13 9 -2741083173593
19 14 8 -2743133449218
19 15 7 -2746003835093
19 16 6 -2749694331218
19 17 5 -2754204937593
20 11 10 -2725360439730
20 12 9 -2726674244688
20 13 8 -2729301854604
20 14 7 -2733243269478
20 15 6 -2738498489310
20 16 5 -2745067514100
20 17 4 -2752950343848
20 20 1 -2784481662840
52
8 8 7 -132073533024
9 7 7 -131564563676
9 8 6 -131163999756
9 9 5 -129962307996
10 7 6 -130037655632
10 8 5 -129344933220
10 9 4 -127959488396
10 10 3 -125881321160
11 6 6 -127784967384
11 7 5 -127492808892
11 8 4 -126616333416
11 9 3 -125155540956
11 10 2 -123110431512
11 11 1 -120481005084
12 6 5 -124405935012
12 7 4 -123930023456
12 8 3 -122978200344
12 9 2 -121550465676
12 10 1 -119646819452
12 11 0 -117267261672
13 5 5 -120084311580
13 6 4 -119900558516
13 7 3 -119349299324
13 8 2 -118430534004
13 9 1 -117144262556
13 10 0 -115490484980
14 5 4 -114527938596
14 6 3 -114268837896
14 7 2 -113750636496
14 8 1 -112973334396
14 9 0 -111936931596
15 4 4 -107812163696
15 5 3 -107736816060
15 6 2 -107510773152
15 7 1 -107134034972
15 8 0 -106606601520
16 4 3 -99753233816
16 5 2 -99710943972
16 6 1 -99626364284
16 7 0 -99499494752
17 3 3 -90318091164
17 4 2 -90351148956
17 5 1 -90450322332
17 6 0 -90615611292
18 3 2 -79431388104
18 4 1 -79605909116
18 5 0 -79954951140
19 2 2 -66951661416
19 3 1 -67093124636
19 4 0 -67517514296
20 2 1 -52911968892
20 3 0 -53303300760
2 42 42 22 73240546 6873340120330
13
14 14 14 1241457102490
15 14 13 1239737633839
15 15 12 1240210253045
16 14 12 1239584168509
16 15 11 1242184102145
17 16 9 1244066092552
17 17 8 1245300608457
18 12 12 1245758418678
18 15 9 1246337582886
18 16 8 1244587045962
18 17 7 1246276853647
18 18 6 1254268548380
20 16 6 1241482285192
13
14 14 14 1786972259036
15 14 13 1784218442911
15 15 12 1784173305503
16 14 12 1785205350520
16 15 11 1786918771470
17 16 9 1791552927390
17 17 8 1792590927899
18 12 12 1794112341655
18 15 9 1794712982672
18 16 8 1792941696341
18 17 7 1794631960447
18 18 6 1807273255388
20 16 6 1787103695368
50
8 7 7 -67819542224
8 8 6 -67212015616
9 7 6 -66671435976
9 8 5 -65389435792
9 9 4 -62825435424
10 6 6 -65049697056
10 7 5 -64375223480
10 8 4 -62351802752
10 9 3 -58979434872
10 10 2 -54258119840
11 6 5 -62346798856
11 7 4 -60930904736
11 8 3 -58099116496
11 9 2 -53851434136
11 10 1 -48187857656
11 11 0 -41108387056
12 5 5 -59304161920
12 6 4 -58562741376
12 7 3 -56338479744
12 8 2 -52631377024
12 9 1 -47441433216
12 10 0 -40768648320
13 5 4 -55247312672
13 6 3 -53697524616
13 7 2 -50597948504
13 8 1 -45948584336
13 9 0 -39749432112
14 4 4 -50984618624
14 5 3 -50176251112
14 6 2 -47751148576
14 7 1 -43709311016
14 8 0 -38050738432
15 4 3 -45774659232
15 5 2 -44090977240
15 6 1 -40723613256
15 7 0 -35672567280
16 3 3 -40492748976
16 4 2 -39617434496
16 5 1 -36991491056
16 6 0 -32614918656
17 3 2 -34330520344
17 4 1 -32512944416
17 5 0 -28877792560
18 2 2 -28230234784
18 3 1 -27287973336
18 4 0 -24461188992
19 2 1 -21316577816
19 3 0 -19365107952
20 1 1 -14598757856
20 2 0 -13589549440
3 43 40 23 75791095 22897972172088
6
15 14 14 14005976286644
15 15 13 14005483084279
17 17 9 14013740391784
18 16 9 14018911213520
18 17 8 14015518611032
18 18 7 14021915939972
44
14 13 13 4996682672032
14 14 12 4994205691638
15 13 12 4993659712116
15 14 11 4994379481964
15 15 10 4996080660804
16 12 12 4997754957265
16 13 11 4997529759089
16 14 10 4995090045994
16 15 9 4996462562610
16 16 8 4991852795920
17 12 11 5001882311025
17 13 10 4998608736038
17 14 9 4999620678392
17 15 8 5000625042167
17 16 7 4996366325655
17 17 6 4996914938811
18 11 11 5002710049399
18 12 10 5006696544986
18 13 9 5001810810959
18 14 8 5001634514850
18 15 7 5007668861331
18 16 6 5001010706052
18 17 5 5003196850199
18 18 4 5004858143655
19 11 10 4987766338849
19 12 9 4987541315463
19 13 8 4990519143107
19 14 7 4991344483150
19 15 6 4993761122818
19 16 5 4995225858040
19 17 4 4999084575037
19 18 3 5007618692115
19 19 2 3022666771972
20 10 10 4464277915000
20 11 9 4441604920562
20 12 8 4373585937248
20 13 7 4260220965058
20 14 6 4101510003992
20 15 5 3897453054050
20 16 4 3648050115232
20 17 3 3353301187538
20 18 2 3013206270968
20 19 1 2627765365522
20 20 0 2196978471200
52
8 8 7 -71010675536
9 7 7 -70796655972
9 8 6 -70667695674
9 9 5 -70280814780
10 7 6 -70154597280
10 8 5 -69981735950
10 9 4 -69636013290
10 10 3 -69117429300
11 6 6 -69128400492
11 7 5 -69084499460
11 8 4 -68952796364
11 9 3 -68733291204
11 10 2 -68425983980
11 11 1 -68030874692
12 6 5 -67589105310
12 7 4 -67586362512
12 8 3 -67580876916
12 9 2 -67572648522
12 10 1 -67561677330
12 11 0 -67547963340
13 5 5 -65495553500
13 6 4 -65536711734
13 7 3 -65660186436
13 8 2 -65865977606
13 9 1 -66154085244
13 10 0 -66524509350
14 5 4 -62803844030
14 6 3 -62971219764
14 7 2 -63305971232
14 8 1 -63808098434
14 9 0 -64477601370
15 4 4 -59387759400
15 5 3 -59513976900
15 6 2 -59892629400
15 7 1 -60523716900
15 8 0 -61407239400
16 4 3 -55288457844
16 5 2 -55625952110
16 6 1 -56300940642
16 7 0 -57313423440
17 3 3 -50294662596
17 4 2 -50505939362
17 5 1 -51139769660
17 6 0 -52196153490
18 3 2 -44532591156
18 4 1 -45040203954
18 5 0 -46055429550
19 2 2 -37705907492
19 3 1 -38002243524
19 4 0 -38891251620
20 2 1 -30025888370
20 3 0 -30703619700
4 43 41 22 108349524 14245902736582
6
15 14 14 13575257723292
15 15 13 13572780742909
17 17 9 13580162101133
18 16 9 13583641680947
18 17 8 13583486316750
18 18 7 13619166114500
36
14 14 13 -3635245828231
15 13 13 -3637506109576
15 14 12 -3636558302955
15 15 11 -3634041974320
16 13 12 -3631928140142
16 14 11 -3631703534894
16 15 10 -3629711805250
16 16 9 -3626724210784
17 12 12 -3624818047624
17 13 11 -3624688216616
17 14 10 -3624298723592
17 15 9 -3623649568552
17 16 8 -3622740751496
17 17 7 -3621572272424
18 12 11 -3612996019486
18 13 10 -3613472560276
18 14 9 -3614425641856
18 15 8 -3615855264226
18 16 7 -3617761427386
18 17 6 -3614582239245
18 18 5 -3617828797441
19 11 11 -1596626943504
19 12 10 -3597233315302
19 13 9 -3599052430696
19 14 8 -3602084289686
19 15 7 -3606328892272
19 16 6 -3611786238454
19 17 5 -3618456328232
20 11 10 -3575580988670
20 12 9 -3577529935072
20 13 8 -3581427827876
20 14 7 -3587274667082
20 15 6 -3595070452690
20 16 5 -3604815184700
20 17 4 -3616508863112
20 20 1 -3663283576760
50
8 7 7 -61794315156
8 8 6 -61431193600
9 7 6 -61060635114
9 8 5 -60341828932
9 9 4 -58904216568
10 6 6 -59948959656
10 7 5 -59593275030
10 8 4 -58526221152
10 9 3 -56747798022
10 10 2 -54258005640
11 6 5 -58096167226
11 7 4 -57392234904
11 8 3 -55984370260
11 9 2 -53872573294
11 10 1 -51056844006
11 11 0 -47537182396
12 5 5 -55850505520
12 6 4 -55502257824
12 7 3 -54457514736
12 8 2 -52716276256
12 9 1 -50278542384
12 10 0 -47144313120
13 5 4 -52856289912
13 6 3 -52167231450
13 7 2 -50789114526
13 8 1 -48721939140
13 9 0 -45965705292
14 4 4 -49454331168
14 5 3 -49113520402
14 6 2 -48091088104
14 7 1 -46387034274
14 8 0 -44001358912
15 4 3 -45296381592
15 5 2 -44622196990
15 6 1 -43273827786
15 7 0 -41251273980
16 3 3 -40715815020
16 4 2 -40382441184
16 5 1 -39382319676
16 6 0 -37715450496
17 3 2 -35371820686
17 4 1 -34712509944
17 5 0 -33393888460
18 2 2 -29590335496
18 3 1 -29264398590
18 4 0 -28286587872
19 2 1 -23037985614
19 3 0 -22393548732
20 1 1 -16033271016
20 2 0 -15714771040
5 43 42 21 36026145 21414266600061
6
15 14 14 14149979961844
15 15 13 14148154441641
17 17 9 14154404347421
18 16 9 14152101937179
18 17 8 14155364286427
18 18 7 14156568727172
13
14 14 14 3885309540162
15 14 13 3881679592891
15 15 12 3880915653073
16 14 12 3879331835929
16 15 11 3881624532634
17 16 9 3882159033191
17 17 8 3883976501260
18 12 12 3883192721902
18 15 9 3881312536240
18 16 8 3880694298642
18 17 7 3884525922655
18 18 6 3899235409084
20 16 6 3868349267128
47
7 7 7 -40878091975
8 7 6 -40484682248
8 8 5 -39648436736
9 6 6 -39747288852
9 7 5 -39304453067
9 8 4 -37975945712
9 9 3 -35761766787
10 6 5 -38272502060
10 7 4 -37337404432
10 8 3 -35467209176
10 9 2 -32661916292
10 10 1 -28921525780
11 5 5 -36552583715
11 6 4 -36060321872
11 7 3 -34583536343
11 8 2 -32122227128
11 9 1 -28676394227
11 10 0 -24246037640
12 5 4 -34144698032
12 6 3 -33110748288
12 7 2 -31042848800
12 8 1 -27940999568
12 9 0 -23805200592
13 4 4 -31590532912
13 5 3 -31048845011
13 6 2 -29423781308
13 7 1 -26715341803
13 8 0 -22923526496
14 4 3 -28397826512
14 5 2 -27265024652
14 6 1 -24999420932
14 7 0 -21601015352
15 3 3 -25157692791
15 4 2 -24566578832
15 5 1 -22793236955
15 6 0 -19837667160
16 3 2 -21328443848
16 4 1 -20096789872
16 5 0 -17633481920
17 2 2 -17550619700
17 3 1 -16910079683
17 4 0 -14988459632
18 2 1 -13233106388
18 3 0 -11902600296
19 1 1 -9065869987
19 2 0 -8375903912
20 1 0 -4408370480
6 43 43 20 69343663 31740373605160
6
15 14 14 14230750665396
15 15 13 14228966266227
17 17 9 14224330349382
18 16 9 14225528258656
18 17 8 14227435725009
18 18 7 14232094579844
6
15 14 14 13661446117892
15 15 13 13658969137510
17 17 9 13662371848971
18 16 9 13664022079158
18 17 8 13665477224600
18 18 7 13699757860100
44
7 7 6 26504321151
8 6 6 27634861692
8 7 5 29467252285
8 8 4 34964424064
9 6 5 31026483315
9 7 4 35393114553
9 8 3 44126377029
9 9 2 57226270743
10 5 5 34144945375
10 6 4 36679186020
10 7 3 44281907955
10 8 2 56953111180
10 9 1 74692795695
10 10 0 97500961500
11 5 4 38822638465
11 6 3 44592969807
11 7 2 56133632491
11 8 1 73444626517
11 9 0 96525951885
12 4 4 41823471888
12 5 3 45059562585
12 6 2 54767834676
12 7 1 70948288161
12 8 0 93600923040
13 4 3 45681686289
13 5 2 52855717735
13 6 1 67203780627
13 7 0 88725874965
14 3 3 46459340919
14 4 2 50397281668
14 5 1 62211103915
14 6 0 81900807660
15 3 2 47392526475
15 4 1 55970258025
15 5 0 73125721125
16 2 2 43841452156
16 3 1 48481242957
16 4 0 62400615360
17 2 1 39744058711
17 3 0 49725490365
18 1 1 29758705287
18 2 0 35100346140
19 1 0 18525182685
20 0 0 0
7 44 40 22 63943270 29011988533774
3
15 15 14 20166804103730
18 17 9 20173284180630
18 18 8 20176246056032
44
14 13 13 5130148471967
14 14 12 5127666821370
15 13 12 5127064767963
15 14 11 5127826601087
15 15 10 5129611906479
16 12 12 5130991791457
16 13 11 5130813326760
16 14 10 5128513814102
16 15 9 5130119998113
16 16 8 5125837365776
17 12 11 5134838775792
17 13 10 5131710071445
17 14 9 5133011755079
17 15 8 5134450730774
17 16 7 5130771496822
17 17 6 5132044463178
18 11 11 5135175859810
18 12 10 5139260492558
18 13 9 5134669170014
18 14 8 5134983559710
18 15 7 5141704866318
18 16 6 5135929945488
18 17 5 5139195598406
18 18 4 5142132674955
19 11 10 5119577943452
19 12 9 5119600598070
19 13 8 5123073781722
19 14 7 5124642155777
19 15 6 5128049507461
19 16 5 5130752632703
19 17 4 5136097417724
19 18 3 5146365280830
19 19 2 3163394784719
20 10 10 4595122221500
20 11 9 4572598767905
20 12 8 4505028407120
20 13 7 4392411139145
20 14 6 4234746963980
20 15 5 4032035881625
20 16 4 3784277892080
20 17 3 3491472995345
20 18 2 3153621191420
20 19 1 2770722480305
20 20 0 2342776862000
50
8 7 7 -77153724865
8 8 6 -77035054112
9 7 6 -76786812525
9 8 5 -76679041853
9 9 4 -76463500509
10 6 6 -76042087764
10 7 5 -76052987845
10 8 4 -76085688088
10 9 3 -76140188493
10 10 2 -76216489060
11 6 5 -74800879829
11 7 4 -74952250825
11 8 3 -75254992817
11 9 2 -75709105805
11 10 1 -76314589789
11 11 0 -77071444769
12 5 5 -72922717805
12 6 4 -73063188720
12 7 3 -73484601465
12 8 2 -74186956040
12 9 1 -75170252445
12 10 0 -76434490680
13 5 4 -70418501773
13 6 3 -70829014437
13 7 2 -71650039765
13 8 1 -72881577757
13 9 0 -74523628413
14 4 4 -67018189984
14 5 3 -67288231733
14 6 2 -68098356980
14 7 1 -69448565725
14 8 0 -71338857968
15 4 3 -62862253353
15 5 2 -63531907685
15 6 1 -64871216349
15 7 0 -66880179345
16 3 3 -57551079297
16 4 2 -57950691880
16 5 1 -59149529629
16 6 0 -61147592544
17 3 2 -51354709565
17 4 1 -52283505565
17 5 0 -54141097565
18 2 2 -43743960740
18 3 1 -44273144157
18 4 0 -45860694408
19 2 1 -35118445405
19 3 0 -36306383073
20 1 1 -24819409309
20 2 0 -25478163560
8 44 41 21 29072403 -22065503299143
3
15 15 14 -23045039303751
18 17 9 -23041520959213
18 18 8 -23039078549860
36
14 14 13 -2289471326511
15 13 13 -2292502193369
15 14 12 -2294229569404
15 15 11 -2293218452440
16 13 12 -2290653875211
16 14 11 -2292123817676
16 15 10 -2291533257500
16 16 9 -2290644435404
17 12 12 -2288803763248
17 13 11 -2288844898952
17 14 10 -2288968306064
17 15 9 -2289173984584
17 16 8 -2288519056771
17 17 7 -2286076654851
18 12 11 -2283376552696
18 13 10 -2283838403192
18 14 9 -2284759295392
18 15 8 -2286139338076
18 16 7 -2287981183460
18 17 6 -2289372048567
18 18 5 -2286245757285
19 11 11 -2275724238488
19 12 10 -276143548884
19 13 9 -277401480072
19 14 8 -279498032052
19 15 7 -2282433204824
19 16 6 -2286206998388
19 17 5 -2290326399016
20 11 10 -2265883743140
20 12 9 -2267100538624
20 13 8 -2269534129592
20 14 7 -2273184516044
20 15 6 -2278051697980
20 16 5 -2284135675400
20 17 4 -2291436448304
20 20 1 -2320639539920
47
7 7 7 -64235822007
8 7 6 -64075723348
8 8 5 -63874188768
9 6 6 -63636863292
9 7 5 -63595427371
9 8 4 -63471119608
9 9 3 -63263940003
10 6 5 -62759143180
10 7 4 -62794934076
10 8 3 -62866515868
10 9 2 -62973888556
10 10 1 -63117052140
11 5 5 -61365336195
11 6 4 -61442563012
11 7 3 -61674243463
11 8 2 -62060377548
11 9 1 -62600965267
11 10 0 -63296006620
12 5 4 -59414006416
12 6 3 -59687122788
12 7 2 -60233355532
12 8 1 -61052704648
12 9 0 -62145170136
13 4 4 -56709264288
13 5 3 -56905153843
13 6 2 -57492822508
13 7 1 -58472270283
13 8 0 -59843497168
14 4 3 -53328336628
14 5 2 -53838778476
14 6 1 -54859662172
14 7 0 -56390987716
15 3 3 -48956671143
15 4 2 -49271223436
15 5 1 -50214880315
15 6 0 -51787641780
16 3 2 -43790157388
16 4 1 -44537924712
16 5 0 -46033459360
17 2 2 -37395580332
17 3 1 -37828795363
17 4 0 -39128440456
18 2 1 -30087492268
18 3 0 -31072585068
19 1 1 -21314015427
19 2 0 -21865893196
20 1 0 -11508364840
9 44 42 20 64922597 26117568291712
3
15 15 14 20271733826675
18 17 9 20273782810873
18 18 8 20275807281524
13
14 14 14 2057324816595
15 14 13 2054912504948
15 15 12 2053976549140
16 14 12 2053055236779
16 15 11 2053582136210
17 16 9 2054567309902
17 17 8 2055925230493
18 12 12 2062700894078
18 15 9 2053288590125
18 16 8 2053071628109
18 17 7 2054911874036
18 18 6 2061346136464
20 16 6 2046839294624
44
7 7 6 22546656762
8 6 6 23515398144
8 7 5 25084890560
8 8 4 29793367808
9 6 5 26421622290
9 7 4 30161358156
9 8 3 37640829888
9 9 2 48860037486
10 5 5 29095085750
10 6 4 31265329200
10 7 3 37776059550
10 8 2 48627276800
10 9 1 63818980950
10 10 0 83351172000
11 5 4 33105280940
11 6 3 38046518874
11 7 2 47928994742
11 8 1 62752708544
11 9 0 82517660280
12 4 4 35681213376
12 5 3 38452207860
12 6 2 46765191312
12 7 1 60620163732
12 8 0 80017125120
13 4 3 38993126508
13 5 2 45135866510
13 6 1 57421346514
13 7 0 75849566520
14 3 3 39669274818
14 4 2 43041020336
14 5 1 53156256890
14 6 0 70014984480
15 3 2 40480652790
15 4 1 47824894860
15 5 0 62513379000
16 2 2 37454763872
16 3 1 41427260424
16 4 0 53344750080
17 2 1 33963353582
17 3 0 42509097720
18 1 1 25433174334
18 2 0 30006421920
19 1 0 15836722680
20 0 0 0
10 44 43 19 98730762 37936851549648
3
15 15 14 20010292383380
18 17 9 20016124953519
18 18 8 20027741912072
6
15 14 14 13756166402012
15 15 13 13753689421629
17 17 9 13744642861136
18 16 9 13746423570356
18 17 8 13757148396567
18 18 7 13788327476420
40
7 6 6 20458263408
7 7 5 22278309760
8 6 5 23285894120
8 7 4 27738448816
8 8 3 36643558208
9 5 5 26308647200
9 6 4 28941155544
9 7 3 36838680576
9 8 2 50001222296
9 9 1 68428780704
10 5 4 31346569000
10 6 3 37424047680
10 7 2 49579005040
10 8 1 67811441080
10 9 0 92121355800
11 4 4 34954689184
11 5 3 38399659520
11 6 2 48734570528
11 7 1 65959422208
11 8 0 90074214560
12 4 3 39765516096
12 5 2 47467918760
12 6 1 62872724088
12 7 0 85979932080
13 3 3 41521617408
13 4 2 45779049736
13 5 1 58551346720
13 6 0 79838508360
14 3 2 43667963456
14 4 1 52995290104
14 5 0 71649943400
15 2 2 41134659920
15 3 1 46204554240
15 4 0 61414237200
16 2 1 38179139128
16 3 0 49131389760
17 1 1 28919044768
17 2 0 34801401080
18 1 0 18424271160
19 0 0 0
11 45 40 21 104215233 -37591435062860
2
15 15 15 -46120796301275
18 18 9 -46112368004308
44
14 13 13 4296925726794
14 14 12 4294667676518
15 13 12 4294569460392
15 14 11 4295498257198
15 15 10 4297617489954
16 12 12 4300007995729
16 13 11 4299772894393
16 14 10 4297303471818
16 15 9 4298626472634
16 16 8 4293947383824
17 12 11 4306374166469
17 13 10 4302851951884
17 14 9 4303366615042
17 15 8 4303625060023
17 16 7 4298371785119
17 17 6 4297677200285
18 11 11 4310574985053
18 12 10 4314322744202
18 13 9 4308720800861
18 14 8 4307350822562
18 15 7 4311714013977
18 16 6 4302907230756
18 17 5 4302467274085
18 18 4 4301024993847
19 11 10 4300128714783
19 12 9 4299197385243
19 13 8 4300762600579
19 14 7 4299469022160
19 15 6 4299060437212
19 16 5 4296993641664
19 17 4 4296614521737
19 18 3 4300204495737
19 19 2 2309602126362
20 10 10 3782729661000
20 11 9 3759589096846
20 12 8 3690167404384
20 13 7 3574464583614
20 14 6 3412480634536
20 15 5 3204215557150
20 16 4 2949669351456
20 17 3 2648842017454
20 18 2 2301733555144
20 19 1 1908343964526
20 20 0 1468673245600
47
7 7 7 -45967614224
8 7 6 -45708984440
8 8 5 -45214899904
9 6 6 -45168549840
9 7 5 -44933095088
9 8 4 -44226730832
9 9 3 -43049457072
10 6 5 -44087680640
10 7 4 -43639946168
10 8 3 -42744477224
10 9 2 -41401273808
10 10 1 -39610335920
11 5 5 -42678656560
11 6 4 -42466376840
11 7 3 -41829537680
11 8 2 -40768139080
11 9 1 -39282181040
11 10 0 -37371663560
12 5 4 -40706022848
12 6 3 -40304638440
12 7 2 -39501869624
12 8 1 -38297716400
12 9 0 -36692178768
13 4 4 -38358884192
13 5 3 -38169779504
13 6 2 -37602465440
13 7 1 -36656942000
13 8 0 -35333209184
14 4 3 -35424960872
14 5 2 -35069926528
14 6 1 -34359857840
14 7 0 -33294754808
15 3 3 -32070182544
15 4 2 -31904252888
15 5 1 -31406463920
15 6 0 -30576815640
16 3 2 -28105444520
16 4 1 -27796760240
16 5 0 -27179391680
17 2 2 -23673501424
17 3 1 -23530746800
17 4 0 -23102482928
18 2 1 -18608423600
18 3 0 -18346089384
19 1 1 -13029790640
19 2 0 -12910211048
20 1 0 -6794847920
12 45 41 20 177649947 -50499033641184
2
15 15 15 -46216760467400
18 18 9 -46195281043840
36
14 14 13 -9365476155579
15 13 13 -9368507029857
15 14 12 -9368291840410
15 15 11 -9364485431425
16 13 12 -9357897516708
16 14 11 -9357978816622
16 15 10 -9358141416450
16 16 9 -9358385316192
17 12 12 -9337108869304
17 13 11 -9338458972213
17 14 10 -9342509280940
17 15 9 -9349259795485
17 16 8 -9358710515848
17 17 7 -9370861442029
18 12 11 -9305925898198
18 13 10 -9311245009920
18 14 9 -9321883233364
18 15 8 -9325956806746
18 16 7 -9339823494556
18 17 6 -9352869551316
18 18 5 -9361689670376
19 11 11 -7260379594577
19 12 10 -7264348603390
19 13 9 -7276255629829
19 14 8 -7296100673894
19 15 7 -7323883735585
19 16 6 -9359604814902
19 17 5 -9366331235321
20 11 10 -9201820061350
20 12 9 -9212376984880
20 13 8 -9233490831940
20 14 7 -9265161602530
20 15 6 -9307389296650
20 16 5 -9360173914300
20 17 4 -9423515455480
20 20 1 -9676881620200
44
7 7 6 -68008216367
8 6 6 -67836108036
8 7 5 -67843038627
8 8 4 -67863830400
9 6 5 -67319783043
9 7 4 -67512683147
9 8 3 -67898483355
9 9 2 -68477183667
10 5 5 -66273271875
10 6 4 -66459241388
10 7 3 -67017149927
10 8 2 -67946997492
10 9 1 -69248784083
10 10 0 -70922509700
11 5 4 -64703505123
11 6 3 -65254483071
11 7 2 -66356438967
11 8 1 -68009372811
11 9 0 -70213284603
12 4 4 -62245474352
12 5 3 -62610482787
12 6 2 -63705508092
12 7 1 -65530550267
12 8 0 -68085609312
13 4 3 -59085149075
13 5 2 -59994204867
13 6 1 -61812316451
13 7 0 -64539483827
14 3 3 -54678481935
14 4 2 -55222529292
14 5 1 -56854671363
14 6 0 -59574908148
15 3 2 -49390481367
15 4 1 -50657615003
15 5 0 -53191882275
16 2 2 -42498061092
16 3 1 -43221147371
16 4 0 -45390406208
17 2 1 -34545268467
17 3 0 -36170479947
18 1 1 -24629978291
18 2 0 -25532103492
19 1 0 -13475276843
20 0 0 0
13 45 42 19 65522400 -33044938213268
2
15 15 15 -46105777902275
18 18 9 -46099392107572
13
14 14 14 9303787857519
15 14 13 9300317444239
15 15 12 9296369161395
16 14 12 9294429412066
16 15 11 9294895474176
17 16 9 9294202655642
17 17 8 9294307407887
18 12 12 9301192227908
18 15 9 9292669271666
18 16 8 9292339104407
18 17 7 9298674418663
18 18 6 9324689283132
20 16 6 9264723168232
40
7 6 6 8174194320
7 7 5 9635958787
8 6 5 10473281314
8 7 4 14021252188
8 8 3 21117193936
9 5 5 12985248895
9 6 4 15071455302
9 7 3 21330074523
9 8 2 31761106558
9 9 1 46364551407
10 5 4 17171861530
10 6 3 21968716284
10 7 2 31562425792
10 8 1 45952990054
10 9 0 65140409070
11 4 4 20322470872
11 5 3 23033119219
11 6 2 31165064260
11 7 1 44718305995
11 8 0 63692844424
12 4 3 24523283328
12 5 2 30569021962
12 6 1 42660499230
12 7 0 60797715132
13 3 3 26439208611
13 4 2 29774298898
13 5 1 39779569759
13 6 0 56455021194
14 3 2 28780895068
14 4 1 36075517582
14 5 0 50664762610
15 2 2 27588810472
15 3 1 31548342699
15 4 0 43426939380
16 2 1 26198045110
16 3 0 34741551504
17 1 1 20024624815
17 2 0 24608598982
18 1 0 13028081814
19 0 0 0
