9,2,9;1,0,4;8,4,4:
144 cap configurations found; the configuration with (t1,t2,r,m) = (0,0,0,0) is
0	0	0	0	929	929	918	981C	-	4,5,7,8	1,2,3,6	4,5,7,8

9,2,9;1,1,3;8,4,4:
576 cap configurations found; the configurations with (t1,t2,r,m) = (0,0,0,0) are
0	0	0	0	929	929	918	981C	18	4,5,7,8	(3 of 1,2,3,6)	4,5,7,8

9,2,9;6,4,6;3,0,2:
432 cap configurations found; the configurations with (t1,t2,r,m) = (0,0,0,0) are
0	0	0	0	929	929	963	963B	1,2,19,20	-	4,5,7,8,10,11	(2 of 3,6,9)

9,1,9;5,4,8;4,1,0:
72 cap configurations found; the configuration with (t1,t2,r,m) = (0,0,0,0) is
0	0	0	0	919	919	954	981A	10,11,12,15	9	1,2,3,6,22,23,25,26	-

9,1,9;1,1,4;8,4,4:
360 cap configurations found; the configurations with (t1,t2,m) = (0,0,0) and r in {0,1} are
0	0	0	0	919	919	918	981A	18	4,5,7,8	1,2,3,6	4,5,7,8
0	0	0	0	919	919	918	981C	18	4,5,7,8	1,2,3,6	4,5,7,8
0	0	1	0	919	919	918	981A	9	1,2,3,6	4,5,7,8	1,2,3,6
0	0	1	0	919	919	918	981B	0	4,5,7,8	1,2,3,6	4,5,7,8
0	0	1	0	919	919	918	981C	18	4,5,7,8	1,2,3,6	4,5,7,8

9,1,8;1,2,3;8,4,5 (excluding 5,18,18): 8 cap configurations found: 
1	2	2	0	918	981I	918	981I	13,18	6,16,18,23	5,14,15	12,13,17,18,21
1	2	2	0	918	981I	918	981I	13,18	6,18,23,24	13,14,15	12,13,17,18,21
1	2	6	1	918	981I	918	981I	16,18	3,13,18,26	8,12,17	14,15,16,18,24
1	2	6	1	918	981I	918	981I	16,18	3,18,21,26	12,16,17	14,15,16,18,24
2	2	2	1	918	981I	918	981I	13,18	6,16,18,23	5,14,15	12,13,17,18,21
2	2	2	1	918	981I	918	981I	13,18	6,18,23,24	13,14,15	12,13,17,18,21
2	2	6	0	918	981I	918	981I	16,18	3,13,18,26	8,12,17	14,15,16,18,24
2	2	6	0	918	981I	918	981I	16,18	3,18,21,26	12,16,17	14,15,16,18,24

9,1,8;7,5,5;2,2,2: 4 cap configurations found:
1	2	2	0	918	981I	972	981I	6,16,18,23,24	13,18	12,13,17,18,21	14,15
1	2	6	1	918	981I	972	981I	3,13,18,21,26	16,18	14,15,16,18,24	12,17
2	2	2	1	918	981I	972	981I	6,16,18,23,24	13,18	12,13,17,18,21	14,15
2	2	6	0	918	981I	972	981I	3,13,18,21,26	16,18	14,15,16,18,24	12,17

(sc) 8,2,8;4,1,1;6,3,8: 4 cap configurations found:
(1,3)	(0,1)	828	12	846	6	7	11,12,20	13	3,4,6,7,11,17,20,26

(sc) 8,2,8;2,1,3;8,6,3: 16 cap configurations found (excluding 5,18,18 and 5,17,19):
(0-3)	0	828	27	828	12	1	0,4,13,15,23,24	0,17,21	7,8,14
(0-3)	0	828	27	828	12	2	0,5,13,15,23,24	0,12,25	7,8,22
(0-3)	1	828	27	828	12	9	0,7,8,12,13,23	0,5,25	15,22,24
(0-3)	1	828	27	828	12	18	0,7,8,13,21,23	0,4,17	14,15,24

(sc) 8,2,8;3,1,2;6,3,8: 12 cap configurations found:
(0,2)	(0,1)	828	12	836	182	11	11,23,25	12,13	1,7,10,16,21,23,24,26
(1,3)	(0,1)	828	12	836	75	9	4,20,24	13,14	3,6,12,15,19,20,25,26
(0-3)	1	828	27	836	182	3	5,12,20	12,13	1,3,5,10,12,14,18,20

(sc) 8,2,8;2,2,2;8,6,3: 16 cap configurations found:
(0,2)	(0,1)	828	12	828	27	1,2	0,12,16,17,21,25	23,24	0,7,8
(0,2)	(0,1)	828	12	828	27	1,2	0,12,17,21,25,26	13,15	0,7,8
(1,3)	(0,1)	828	12	828	27	9,18	0,7,8,13,14,23	4,25	0,12,21
(1,3)	(0,1)	828	12	828	27	9,18	0,7,8,13,22,23	5,17	0,12,21

(sc) 8,2,8;5,1,0;5,4,8: 80 cap configurations found:
(0,2)	(0,1)	828	12	855	8	(3,6)	(4 of 0,7,8,14,22)	1,2,7,8,9,12,18,21
(0-3)	1	828	27	855	8	(11,19)	(4 of 0,4,5,16,26)	4,5,12,16,17,21,25,26

(sc) 8,2,8;5,0,1;5,4,8: 112 cap configurations found:
(0,2)	(0,1)	828	12	855	8	-	(4 of 0,7,8,14,22)	(1,2)	1,2,7,8,9,12,18,21
(0,2)	(0,1)	828	12	855	8	-	0,7,8,14	1	(1 or 21),2,7,8,9,12,17,18
(0,2)	(0,1)	828	12	855	8	-	0,7,8,14	2	(7 or 9),1,2,8,12,18,21,23
(0,2)	(0,1)	828	12	855	8	-	0,7,8,22	1	(8 or 18),1,2,7,9,12,13,21
(0,2)	(0,1)	828	12	855	8	-	0,7,8,22	2	(2 or 12),1,7,8,9,18,21,25
(0-3)	1	828	27	855	8	-	(4 of 0,4,5,16,26)	(1,2)	4,5,12,16,17,21,25,26

(sc) 8,2,8;2,0,4;8,5,4: 424 cap configurations found:
1	0	828	6	828	12	-	1,2,3,16,26	1,2,6,22	11,12,19,21
3	0	828	6	828	12	-	1,2,3,16,26	1,2,6,14	11,12,19,21
1	0	828	6	828	12	-	1,2,3,16,26	1,6,14,22	6,11,12,19
3	0	828	6	828	12	-	1,2,3,16,26	2,6,14,22	6,11,19,21
1	1	828	6	828	12	-	3,9,16,18,26	6,9,14,18	4,5,11,19
3	1	828	6	828	12	-	3,9,16,18,26	6,9,18,22	4,5,11,19
1	1	828	6	828	12	-	3,9,16,18,26	6,9,14,22	4,6,11,19
3	1	828	6	828	12	-	3,9,16,18,26	6,14,18,22	5,6,11,19
0	0	828	7	828	12	-	3,9,16,18,26	6,9,18,22	4,5,11,19
2	0	828	7	828	12	-	3,9,16,18,26	6,9,14,18	4,5,11,19
0	0	828	7	828	12	-	3,9,16,18,26	6,14,18,22	5,6,11,19
2	0	828	7	828	12	-	3,9,16,18,26	6,9,14,22	4,6,11,19
0	1	828	7	828	12	-	1,2,3,16,26	1,2,6,14	11,12,19,21
2	1	828	7	828	12	-	1,2,3,16,26	1,2,6,22	11,12,19,21
0	1	828	7	828	12	-	1,2,3,16,26	2,6,14,22	6,11,19,21
2	1	828	7	828	12	-	1,2,3,16,26	1,6,14,22	6,11,12,19
(0,2)	(0,1)	828	12	828	27	-	0,12,17,21,25	(4 of 0,13,15,23,24)	(4 of 0,7,8,14,22)
(1,3)	(0,1)	828	12	828	27	-	0,7,8,13,23	(4 of 0,4,5,17,25)	(4 of 0,12,16,21,26)
(0-3)	0	828	27	828	12	-	0,13,15,23,24	(4 of 0,12,17,21,25)	(4 of 0,7,8,14,22)
(0-3)	1	828	27	828	12	-	0,7,8,13,23	(4 of 0,4,5,17,25)	(4 of 0,14,15,22,24)
1	0	828	32	828	12	-	4,5,6,10,20	3,7,8,11	9,17,18,25
3	0	828	32	828	12	-	4,5,6,10,20	3,7,8,19	9,17,18,25
1	0	828	32	828	12	-	4,5,6,10,20	3,8,11,19	3,17,18,25
3	0	828	32	828	12	-	4,5,6,10,20	3,7,11,19	3,9,17,25
1	1	828	32	828	12	-	6,10,12,20,21	3,11,19,24	2,3,17,25
3	1	828	32	828	12	-	6,10,12,20,21	3,11,15,19	1,3,17,25
1	1	828	32	828	12	-	6,10,12,20,21	3,15,19,24	1,2,17,25
3	1	828	32	828	12	-	6,10,12,20,21	3,11,15,24	1,2,17,25

(sc) 8,2,8;4,1,1;5,4,8: 856 cap configurations found:
0	0	828	4	845	49	11	6,13,14,23	19	4,5,12,16,17,21,25,26
2	1	828	4	845	49	11	6,13,14,23	19	4,5,12,16,17,21,25,26
0	1	828	4	845	49	19	6,13,22,23	11	4,5,12,16,17,21,25,26
2	0	828	4	845	49	19	6,13,22,23	11	4,5,12,16,17,21,25,26
1	0	828	6	845	171	22	3,7,10,20	8	1,2,9,13,14,18,22,23
1	0	828	6	845	173	22	3,7,8,10	8	1,2,9,13,14,18,22,23
3	0	828	6	845	169	14	3,8,10,20	7	1,2,9,13,14,18,22,23
3	0	828	6	845	173	14	3,7,8,20	7	1,2,9,13,14,18,22,23
0	1	828	7	845	169	14	3,8,10,20	7	1,2,9,13,14,18,22,23
0	1	828	7	845	173	14	3,7,8,20	7	1,2,9,13,14,18,22,23
2	1	828	7	845	171	22	3,7,10,20	8	1,2,9,13,14,18,22,23
2	1	828	7	845	173	22	3,7,8,10	8	1,2,9,13,14,18,22,23
(0,2)	(0,1)	828	12	845	169-173	(3,6)	(4 of 0,7,8,14,22)	(1,2)	1,2,7,8,9,12,18,21
(0,2)	(0,1)	828	12	845	169	3	7,8,14,22	1	1,2,7,8,12,18,21,22
(0,2)	(0,1)	828	12	845	169	3	7,8,14,22	1	1,2,7,9,12,18,21,22
(0,2)	(0,1)	828	12	845	170	6	0,7,14,22	1	1,2,7,8,9,18,21,26
(0,2)	(0,1)	828	12	845	170	6	0,7,14,22	1	2,7,8,9,12,18,21,26
(0,2)	(0,1)	828	12	845	171	3	7,8,14,22	2	1,2,7,8,9,12,14,21
(0,2)	(0,1)	828	12	845	171	3	7,8,14,22	2	1,2,8,9,12,14,18,21
(0,2)	(0,1)	828	12	845	172	6	0,8,14,22	2	1,2,7,8,9,12,16,18
(0,2)	(0,1)	828	12	845	172	6	0,8,14,22	2	1,7,8,9,12,16,18,21
1	0	828	24	845	171	13	5,10,15,17	18	2,5,11,14,18,19,24,25
1	0	828	24	845	173	13	5,10,17,21	18	2,5,11,14,18,19,24,25
1	1	828	24	845	169	13	10,15,17,21	19	2,5,11,14,18,19,24,25
1	1	828	24	845	173	13	5,10,15,21	19	2,5,11,14,18,19,24,25
3	0	828	24	845	169	23	4,20,24,25	9	1,4,9,11,15,17,19,22
3	0	828	24	845	173	23	4,12,20,25	9	1,4,9,11,15,17,19,22
3	1	828	24	845	171	23	12,20,24,25	11	1,4,9,11,15,17,19,22
3	1	828	24	845	173	23	4,12,20,24	11	1,4,9,11,15,17,19,22
(0-3)	1	828	27	845	169-173	(11,19)	(4 of 0,4,5,16,26)	(1,2)	4,5,12,16,17,21,25,26
1	0	828	32	845	169	17	2,6,13,23	4	7,8,10,11,15,19,20,24
1	0	828	32	845	173	17	1,2,6,23	4	7,8,10,11,15,19,20,24
3	0	828	32	845	171	25	1,6,13,23	5	7,8,10,11,15,19,20,24
3	0	828	32	845	173	25	1,2,6,13	5	7,8,10,11,15,19,20,24

(sc) 8,2,8;4,0,2;5,4,8: 210 cap configurations found:
2	0	828	11	845	214	-	0,7,8,14	2,3	6,8,14,15,17,18,21,22
3	0	828	11	845	174	-	12,15,16,21	18,24	7,9,11,17,18,20,22,25
(0,2)	(0,1)	828	12	845	169-173	-	(4 of 0,7,8,14,22)	1,2	1,2,7,8,9,12,18,21
(0-3)	0	828	27	845	18	-	0,4,14,24	3,21	0,4,5,9,13,14,19,20
(0-3)	1	828	27	845	156	-	1,15,20,21	3,12	1,2,3,13,14,19,20,21
(0-3)	1	828	27	845	169-173	-	(4 of 0,4,5,16,26)	1,2	4,5,12,16,17,21,25,26

(sc) 8,2,8;2,1,3;8,5,4: 1600 cap configurations found:
(0,2)	(0,1)	828	12	828	27	(1,2)	0,12,17,21,25	(3 of 0,13,15,23,24)	(4 of 0,7,8,14,22)
(1,3)	(0,1)	828	12	828	27	(9,18)	0,7,8,13,23	(3 of 0,4,5,17,25)	(4 of 0,12,16,21,26)
(0-3)	0	828	27	828	12	(1,2)	0,13,15,23,24	(3 of 0,12,17,21,25)	(4 of 0,7,8,14,22)
(0-3)	1	828	27	828	12	(9,18)	0,7,8,13,23	(3 of 0,4,5,17,25)	(4 of 0,14,15,22,24)

(sc) 8,2,8;1,2,3;8,5,4: 1700 cap configurations found:
(0,2)	(0,1)	828	12	818	194,195	1,2	0,12,17,21,25	(3 of 0,13,15,23,24)	(4 of 0,7,8,14,22)
(0,2)	(0,1)	828	12	818	195	1,2	0,1,12,(17 or 21),25	0,23,24	7,8,14,22
(0,2)	(0,1)	828	12	818	195	1,2	0,2,(12 or 25),17,21	0,13,15	7,8,14,22
(0,2)	(0,1)	828	12	818	195	1,2	(0 or 25),12,14,17,21	13,23,24	0,8,14,22
(0,2)	(0,1)	828	12	818	195	1,2	(0 or 17),12,21,22,25	13,15,23	0,7,14,22
(1,3)	(0,1)	828	12	818	194,195	9,18	0,7,8,13,23	(3 of 0,4,5,17,25)	(4 of 0,12,16,21,26)
(1,3)	(0,1)	828	12	818	194	9,18	0,(7 or 23),8,9,13	0,4,25	12,16,21,26
(1,3)	(0,1)	828	12	818	194	9,18	(0 or 23),7,8,13,16	5,17,25	0,12,16,26
(1,3)	(0,1)	828	12	818	194	9,18	0,7,(8 or 13),18,23	0,5,17	12,16,21,26
(1,3)	(0,1)	828	12	818	194	9,18	(0 or 13),7,8,23,26	4,17,25	0,16,21,26
0	0	828	21	818	127	13,26	8,10,11,19,25	13,17,20	4,10,12,19
0	0	828	21	818	130	13,26	8,10,11,20,24	13,17,25	4,11,14,19
(0-3)	0	828	27	818	39	1,2	0,1,13,(15 or 23),24	0,12,17	0,7,8,22
(0-3)	0	828	27	818	40	1,2	0,2,(13 or 24),15,23	0,21,25	0,7,8,14
(0-3)	0	828	27	818	39,40	1,2	0,13,15,23,24	(3 of 0,12,17,21,25)	(4 of 0,7,8,14,22)
(0-3)	1	828	27	818	39	9,18	0,(7 or 23),8,9,13	0,4,25	0,14,15,24
(0-3)	1	828	27	818	40	9,18	0,7,(8 or 13),18,23	0,5,17	0,15,22,24
(0-3)	1	828	27	818	39,40	9,18	0,7,8,13,23	(3 of 0,4,5,17,25)	(4 of 0,14,15,22,24)
0	1	828	28	818	53	12,24	3,5,7,14,19	2,4,10	6,15,18,20
2	0	828	28	818	53	5,7	3,12,14,19,24	9,20,21	1,6,8,10

(sc) 8,2,8;2,2,2;8,5,4: 800 cap configurations found:
(0,2)	(0,1)	828	12	828	27	1,2	0,12,17,21,25	(2 of 0,13,15,23,24)	(4 of 0,7,8,14,22)
(1,3)	(0,1)	828	12	828	27	9,18	0,7,8,13,23	(2 of 0,4,5,17,25)	(4 of 0,12,16,21,26)
(0-3)	0	828	27	828	12	1,2	0,13,15,23,24	(2 of 0,12,17,21,25)	(4 of 0,7,8,14,22)
(0-3)	1	828	27	828	12	9,18	0,7,8,13,23	(2 of 0,4,5,17,25)	(4 of 0,14,15,22,24)

(sc) 8,2,8;4,5,8;5,1,0: 80 cap configurations found:
(1,3)	(0,1)	828	12	845	169-173	0,4,5,16,26	(3,6)	1,2,4,5,9,15,18,24	-
(0-3)	0	828	27	845	169-173	0,7,8,14,22	(10,20)	7,8,13,14,15,22,23,24	-

(sc) 8,2,8;4,5,8;5,0,1: 114 cap configurations found:
1	0	828	11	845	187	0,4,9,12,14	-	2,5,6,7,13,15,16,23	21
3	0	828	11	845	177	0,11,15,18,22	-	5,9,10,14,17,18,19,22	18
(1,3)	(0,1)	828	12	845	169-173	0,4,5,16,26	-	1,2,4,5,9,15,18,24	(1,2)
(1,3)	(0,1)	828	12	845	169	0,4,5,16,26	-	1,2,4,(5 or 9),15,18,24,25	1
(1,3)	(0,1)	828	12	845	171	0,4,5,16,26	-	1,2,(4 or 18),5,9,15,17,24	2
(1,3)	(0,1)	828	12	845	173	0,4,5,16,26	-	1,(2 or 24),4,5,9,13,15,18	2
(1,3)	(0,1)	828	12	845	173	0,4,5,16,26	-	(1 or 15),2,4,5,9,18,23,24	1
(0-3)	0	828	27	845	169-173	0,7,8,14,22	-	7,8,13,14,15,22,23,24	(1,2)

(sc) 8,2,8;2,0,4;8,4,5: 464 cap configurations found:
(0,2)	(0,1)	828	12	828	27	-	(4 of 0,12,17,21,25)	(4 of 0,13,15,23,24)	0,7,8,14,22
(0,2)	(0,1)	828	12	828	27	-	12,17,21,25	0,13,15,24	0,7,(8 or 22),9,14
(0,2)	(0,1)	828	12	828	27	-	12,17,21,25	0,15,23,24	0,(7 or 14),8,18,22
(1,3)	(0,1)	828	12	828	27	-	(4 of 0,7,8,13,23)	(4 of 0,4,5,17,25)	0,12,16,21,26
(1,3)	(0,1)	828	12	828	27	-	7,8,13,23	0,4,5,17	0,2,12,(16 or 21),26
(1,3)	(0,1)	828	12	828	27	-	7,8,13,23	0,4,5,25	0,1,(12 or 26),16,21
(0-3)	0	828	27	828	12	-	(4 of 0,13,15,23,24)	(4 of 0,12,17,21,25)	0,7,8,14,22
(0-3)	0	828	27	828	12	-	0,13,15,24	12,17,21,25	0,7,(8 or 22),9,14
(0-3)	0	828	27	828	12	-	0,15,23,24	12,17,21,25	0,(7 or 14),8,18,22
(0-3)	1	828	27	828	12	-	(4 of 0,7,8,13,23)	(4 of 0,4,5,17,25)	0,14,15,22,24
(0-3)	1	828	27	828	12	-	0,7,8,13	4,5,17,25	0,1,(14 or 24),15,22
(0-3)	1	828	27	828	12	-	0,7,8,23	4,5,17,25	0,2,14,(15 or 22),24

(sc) 8,2,8;1,1,4;8,4,5: 1624 cap configurations found:
(0,2)	(0,1)	828	12	818	60	26	0,22,24,26	12,13,17,18	1,6,10,17,22
(0,2)	(0,1)	828	12	818	168	7	9,23,24,25	0,12,16,20	2,7,11,15,23
(0,2)	(0,1)	828	12	818	194,195	(1,2)	(4 of 0,12,17,21,25)	(4 of 0,13,15,23,24)	0,7,8,14,22
(1,3)	(0,1)	828	12	818	60	16	1,10,15,22	3,17,20,22	2,9,22,24,26
(1,3)	(0,1)	828	12	818	168	15	2,11,16,23	1,16,19,21	0,10,23,24,25
(1,3)	(0,1)	828	12	818	194,195	(9,18)	(4 of 0,7,8,13,23)	(4 of 0,4,5,17,25)	0,12,16,21,26
0	0	828	21	818	127	13	8,10,11,25	13,17,20,24	4,10,12,19,20
0	0	828	21	818	127	13	8,10,19,25	8,13,17,20	4,10,12,19,20
0	0	828	21	818	130	13	8,10,11,20	13,17,19,25	4,11,14,19,20
0	0	828	21	818	130	13	8,10,20,24	8,13,17,25	4,11,14,19,20
(0-3)	0	828	27	818	39,40	(1,2)	(4 of 0,13,15,23,24)	(4 of 0,12,17,21,25)	0,7,8,14,22
(0-3)	1	828	27	818	39,40	(9,18)	(4 of 0,7,8,13,23)	(4 of 0,4,5,17,25)	0,14,15,22,24
0	1	828	28	818	53	24	3,5,7,14	2,3,4,10	6,10,15,18,20
0	1	828	28	818	53	24	3,7,14,19	2,4,10,20	6,10,15,18,20
2	0	828	28	818	53	7	3,12,14,24	3,9,20,21	1,6,8,10,20
2	0	828	28	818	53	7	3,14,19,24	9,10,20,21	1,6,8,10,20

(sc) 8,2,8;2,0,4;8,5,4: 424 cap configurations found:
1	0	828	6	828	12	-	1,2,3,16,26	1,2,6,22	11,12,19,21
1	0	828	6	828	12	-	1,2,3,16,26	1,6,14,22	6,11,12,19
1	1	828	6	828	12	-	3,9,16,18,26	6,9,14,18	4,5,11,19
1	1	828	6	828	12	-	3,9,16,18,26	6,9,14,22	4,6,11,19
3	0	828	6	828	12	-	1,2,3,16,26	1,2,6,14	11,12,19,21
3	0	828	6	828	12	-	1,2,3,16,26	2,6,14,22	6,11,19,21
3	1	828	6	828	12	-	3,9,16,18,26	6,9,18,22	4,5,11,19
3	1	828	6	828	12	-	3,9,16,18,26	6,14,18,22	5,6,11,19
0	0	828	7	828	12	-	3,9,16,18,26	6,9,18,22	4,5,11,19
0	0	828	7	828	12	-	3,9,16,18,26	6,14,18,22	5,6,11,19
0	1	828	7	828	12	-	1,2,3,16,26	1,2,6,14	11,12,19,21
0	1	828	7	828	12	-	1,2,3,16,26	2,6,14,22	6,11,19,21
2	0	828	7	828	12	-	3,9,16,18,26	6,9,14,18	4,5,11,19
2	0	828	7	828	12	-	3,9,16,18,26	6,9,14,22	4,6,11,19
2	1	828	7	828	12	-	1,2,3,16,26	1,2,6,22	11,12,19,21
2	1	828	7	828	12	-	1,2,3,16,26	1,6,14,22	6,11,12,19
(0,2)	(0,1)	828	12	828	27	-	0,12,17,21,25	(4 of 0,13,15,23,24)	(4 of 0,7,8,14,22)
(1,3)	(0,1)	828	12	828	27	-	0,7,8,13,23	(4 of 0,4,5,17,25)	(4 of 0,12,16,21,26)
(0-3)	0	828	27	828	12	-	0,13,15,23,24	(4 of 0,12,17,21,25)	(4 of 0,7,8,14,22)
(0-3)	1	828	27	828	12	-	0,7,8,13,23	(4 of 0,4,5,17,25)	(4 of 0,14,15,22,24)
1	0	828	32	828	12	-	4,5,6,10,20	3,7,8,11	9,17,18,25
1	0	828	32	828	12	-	4,5,6,10,20	3,8,11,19	3,17,18,25
1	1	828	32	828	12	-	6,10,12,20,21	3,11,19,24	2,3,17,25
1	1	828	32	828	12	-	6,10,12,20,21	3,15,19,24	1,2,17,25
3	0	828	32	828	12	-	4,5,6,10,20	3,7,8,19	9,17,18,25
3	0	828	32	828	12	-	4,5,6,10,20	3,7,11,19	3,9,17,25
3	1	828	32	828	12	-	6,10,12,20,21	3,11,15,19	1,3,17,25
3	1	828	32	828	12	-	6,10,12,20,21	3,11,15,24	1,2,17,25

(sc) 8,2,8;2,1,3;8,4,5: 1686 cap configurations found:
0	0	828	6	828	12	24	5,6,10,20	7,11,19	3,9,17,18,25
0	1	828	6	828	12	8	6,10,20,21	11,15,19	1,2,3,17,25
2	0	828	6	828	12	15	4,6,10,20	8,11,19	3,9,17,18,25
2	1	828	6	828	12	7	6,10,12,20	11,19,24	1,2,3,17,25
1	0	828	7	828	12	7	6,10,12,20	11,19,24	1,2,3,17,25
1	1	828	7	828	12	15	4,6,10,20	8,11,19	3,9,17,18,25
3	0	828	7	828	12	8	6,10,20,21	11,15,19	1,2,3,17,25
3	1	828	7	828	12	24	5,6,10,20	7,11,19	3,9,17,18,25
1	1	828	9	828	4	0	1,14,17,18	16,22,26	3,5,8,12,15
3	0	828	9	828	4	0	1,14,17,18	16,22,26	3,5,8,12,15
(0,2)	(0,1)	828	12	828	27	(1,2)	(4 of 0,12,17,21,25)	(3 of 0,13,15,23,24)	0,7,8,14,22
(0,2)	(0,1)	828	12	828	27	1	0,12,17,25	13,15,23	(0 or 22),7,8,14,17
(0,2)	(0,1)	828	12	828	27	2	0,17,21,25	13,23,24	(0 or 14),7,8,22,25
(1,3)	(0,1)	828	12	828	27	(9,18)	(4 of 0,7,8,13,23)	(3 of 0,4,5,17,25)	0,12,16,21,26
(1,3)	(0,1)	828	12	828	27	9	0,8,13,23	5,17,25	(0 or 16),12,21,23,26
(1,3)	(0,1)	828	12	828	27	18	0,7,13,23	4,17,25	(0 or 26),12,13,16,21
0	0	828	24	828	27	20	11,15,16,21	6,17,23	4,8,13,15,19
0	1	828	24	828	27	1	5,19,24,26	6,12,25	5,7,11,23,24
1	0	828	24	828	27	11	4,8,10,22	3,13,17	4,12,20,24,25
1	1	828	24	828	27	9	4,10,22,24	3,8,13	4,12,20,24,25
2	0	828	24	828	27	10	12,19,24,26	6,13,25	5,7,11,23,24
2	1	828	24	828	27	2	4,11,15,16	6,17,21	4,8,13,15,19
3	0	828	24	828	27	19	5,7,14,20	3,23,25	5,10,15,17,21
3	1	828	24	828	27	18	5,14,15,20	3,7,23	5,10,15,17,21
(0-3)	0	828	27	828	12	(1,2)	(4 of 0,13,15,23,24)	(3 of 0,12,17,21,25)	0,7,8,14,22
(0-3)	0	828	27	828	12	1	0,13,15,23	0,17,21	0,7,(8 or 14),20,22
(0-3)	0	828	27	828	12	2	0,13,23,24	0,12,25	0,(7 or 22),8,10,14
(0-3)	1	828	27	828	12	(9,18)	(4 of 0,7,8,13,23)	(3 of 0,4,5,17,25)	0,14,15,22,24
(0-3)	1	828	27	828	12	9	0,7,13,23	0,5,25	0,14,15,20,(22 or 24)
(0-3)	1	828	27	828	12	18	0,8,13,23	0,4,17	0,10,(14 or 15),22,24
0	0	828	32	828	12	12	1,3,16,26	2,14,22	6,11,12,19,21
0	1	828	32	828	12	4	3,9,16,26	14,18,22	4,5,6,11,19
2	0	828	32	828	12	21	2,3,16,26	1,14,22	6,11,12,19,21
2	1	828	32	828	12	5	3,16,18,26	9,14,22	4,5,6,11,19

(sc) 8,2,8;1,2,3;8,4,5: 1600 cap configurations found:
(0,2)	(0,1)	828	12	818	194,195	1,2	(4 of 0,12,17,21,25)	(3 of 0,13,15,23,24)	0,7,8,14,22
(1,3)	(0,1)	828	12	818	194,195	9,18	(4 of 0,7,8,13,23)	(3 of 0,4,5,17,25)	0,12,16,21,26
(0-3)	0	828	27	818	39,40	1,2	(4 of 0,13,15,23,24)	(3 of 0,12,17,21,25)	0,7,8,14,22
(0-3)	1	828	27	818	39,40	9,18	(4 of 0,7,8,13,23)	(3 of 0,4,5,17,25)	0,14,15,22,24

(sc) 8,2,8;2,2,2;8,4,5: 800 cap configurations found:
(0,2)	(0,1)	828	12	828	27	1,2	(4 of 0,12,17,21,25)	(2 of 0,13,15,23,24)	0,7,8,14,22
(1,3)	(0,1)	828	12	828	27	9,18	(4 of 0,7,8,13,23)	(2 of 0,4,5,17,25)	0,12,16,21,26
(0-3)	0	828	27	828	12	1,2	(4 of 0,13,15,23,24)	(2 of 0,12,17,21,25)	0,7,8,14,22
(0-3)	1	828	27	828	12	9,18	(4 of 0,7,8,13,23)	(2 of 0,4,5,17,25)	0,14,15,22,24

(sc) 8,2,8;1,1,4;8,3,6: 16 cap configurations found:
(0,2)	(0,1)	828	12	818	194	1	0,12,21	0,13,15,24	0,7,8,14,22,23
(0,2)	(0,1)	828	12	818	194	2	0,12,21	0,15,23,24	0,7,8,13,14,22
(1,3)	(0,1)	828	12	818	195	9	0,7,8	0,4,5,17	0,12,16,21,25,26
(1,3)	(0,1)	828	12	818	195	18	0,7,8	0,4,5,25	0,12,16,17,21,26

(sc) 8,2,8;2,1,3;8,3,6: 33 cap configurations found:
0	0	828	11	828	11	0	2,3,22	2,3,22	0,1,6,8,23,24
(0,2)	(0,1)	828	12	828	27	1	0,17,21	15,23,24	0,7,8,12,14,22
(0,2)	(0,1)	828	12	828	27	2	0,12,25	13,15,24	0,7,8,14,21,22
(1,3)	(0,1)	828	12	828	27	9	0,7,23	4,5,25	0,8,12,16,21,26
(1,3)	(0,1)	828	12	828	27	18	0,8,13	4,5,17	0,7,12,16,21,26
(0-3)	0	828	27	828	12	1	15,23,24	0,17,21	0,7,8,12,14,22
(0-3)	0	828	27	828	12	2	13,15,24	0,12,25	0,7,8,14,21,22
(0-3)	1	828	27	828	12	9	7,8,23	0,5,25	0,4,14,15,22,24
(0-3)	1	828	27	828	12	18	7,8,13	0,4,17	0,5,14,15,22,24

(sc) 8,2,8;1,2,3;8,3,6: 34 cap configurations found:
(0,2)	(0,1)	828	12	818	195	1,2	0,12,17	13,15,23	0,7,8,14,16,22
(0,2)	(0,1)	828	12	818	195	1,2	0,21,25	13,23,24	0,7,8,14,22,26
(1,3)	(0,1)	828	12	818	194	9,18	0,7,13	4,17,25	0,12,16,21,22,26
(1,3)	(0,1)	828	12	818	194	9,18	0,8,23	5,17,25	0,12,14,16,21,26
0	0	828	21	818	21	0,13	2,3,23	0,4,22	5,17,21,23,24,25
0	1	828	21	818	21	0,13	3,18,23	0,12,14	5,8,17,21,23,25
(0-3)	0	828	27	818	39	1,2	13,15,23	0,12,17	0,7,8,14,16,22
(0-3)	0	828	27	818	40	1,2	13,23,24	0,21,25	0,7,8,14,22,26
(0-3)	1	828	27	818	39	9,18	7,13,23	0,4,25	0,14,15,16,22,24
(0-3)	1	828	27	818	40	9,18	8,13,23	0,5,17	0,14,15,22,24,26

(sc) 8,2,8;2,2,2;8,3,6: 16 cap configurations found:
(0,2)	(0,1)	828	12	828	27	1,2	12,17,21	0,23	0,2,7,8,14,22
(0,2)	(0,1)	828	12	828	27	1,2	12,21,25	0,13	0,1,7,8,14,22
(1,3)	(0,1)	828	12	828	27	9,18	7,8,13	0,17	0,9,12,16,21,26
(1,3)	(0,1)	828	12	828	27	9,18	7,8,23	0,25	0,12,16,18,21,26

(sc) 8,2,8;4,1,1;6,4,7: 8 cap configurations found:
(1,3)	(0,1)	828	12	846	6	7	8,11,12,20	13	3,4,6,11,17,20,26
(1,3)	(0,1)	828	12	846	6	7	11,12,20,22	13	3,4,6,7,17,20,26

(sc) 8,2,8;3,2,1;6,4,7: 8 cap configurations found:
(0-3)	0	828	27	836	75	5,22	2,10,22,23	13	2,3,10,11,12,22,23
(0-3)	0	828	27	836	75	5,22	2,22,23,24	13	1,2,3,10,11,12,22

(sc) 8,2,8;3,1,2;6,4,7: 48 cap configurations found:
(0-3)	(0,1)	828	2	836	46	3	10,11,19,20	13,23	3,7,8,10,15,20,24
(0-3)	(0,1)	828	2	836	78	11	3,5,12,14	1,18	1,5,10,12,18,20,25
(0-3)	(0,1)	828	2	836	172	0	16,17,25,26	11,19	1,2,3,9,17,18,25
(0,2)	(0,1)	828	12	836	182	11	0,11,23,25	12,13	7,10,16,21,23,24,26
(0,2)	(0,1)	828	12	836	182	11	11,21,23,25	12,13	1,7,10,21,23,24,26
(1,3)	(0,1)	828	12	836	75	9	4,14,20,24	13,14	3,12,15,19,20,25,26
(1,3)	(0,1)	828	12	836	75	9	4,19,20,24	13,14	3,6,12,15,20,25,26
(0-3)	1	828	27	836	182	3	5,12,18,20	12,13	1,3,5,12,14,18,20
(0-3)	1	828	27	836	182	3	5,12,20,25	12,13	1,3,5,10,14,18,20

(sc) 8,2,8;2,2,2;7,6,4: 8 cap configurations found:
(0,2)	(0,1)	828	12	827	80	15,24	3,7,8,11,19,20	4,10	3,9,18,25
(1,3)	(0,1)	828	12	827	80	7,8	3,9,16,18,25,26	9,14	3,7,8,20

(sc) 8,2,8;5,1,0;5,5,7: 128 cap configurations found:
(0,2)	(0,1)	828	12	855	8	(3,6)	0,7,8,14,22	-	(7 of 1,2,7,8,9,12,18,21)
(0-3)	1	828	27	855	8	(11,19)	0,4,5,16,26	-	(7 of 4,5,12,16,17,21,25,26)

(sc) 8,2,8;5,0,1;5,5,7: 128 cap configurations found:
(0,2)	(0,1)	828	12	855	8	-	0,7,8,14,22	(1,2)	(7 of 1,2,7,8,9,12,18,21)
(0-3)	1	828	27	855	8	-	0,4,5,16,26	(1,2)	(7 of 4,5,12,16,17,21,25,26)

(sc) 8,2,8;4,2,0;5,5,7: 368 cap configurations found:
(0,2)	(0,1)	828	12	845	169-173	3,6	0,7,8,14,22	-	(7 of 1,2,7,8,9,12,18,21)
(0,2)	(0,1)	828	12	845	170	3,6	0,7,(8 or 22),9,14	-	1,2,7,8,9,12,21
(0,2)	(0,1)	828	12	845	172	3,6	0,(7 or 14),8,18,22	-	1,2,7,8,12,18,21
(0-3)	1	828	27	845	169-173	11,19	0,4,5,16,26	-	(7 of 4,5,12,16,17,21,25,26)
(0-3)	1	828	27	845	173	11,19	0,4,5,9,16	-	4,12,16,17,21,25,26
(0-3)	1	828	27	845	173	11,19	0,4,5,16,26	-	4,5,6,12,(16 or 26),(17 or 25),21
(0-3)	1	828	27	845	173	11,19	0,4,5,18,26	-	5,12,16,17,21,25,26
(0-3)	1	828	27	845	173	11,19	0,4,16,18,26	-	5,12,16,17,21,25,26
(0-3)	1	828	27	845	173	11,19	0,5,9,16,26	-	4,12,16,17,21,25,26

(sc) 8,2,8;4,1,1;5,5,7: 1284 cap configurations found:
2	0	828	11	845	214	9	0,7,8,14,24	3	6,8,14,15,18,21,22
2	0	828	11	845	214	18	0,7,8,14,24	3	6,14,15,17,18,21,22
3	0	828	11	845	174	16	12,15,16,21,26	18	9,11,17,18,20,22,25
3	0	828	11	845	174	23	12,15,16,21,26	18	7,9,11,17,20,22,25
(0,2)	(0,1)	828	12	845	169-173	(3,6)	0,7,8,14,22	(1,2)	(7 of 1,2,7,8,9,12,18,21)
(0-3)	1	828	27	845	169-173	(11,19)	0,4,5,16,26	(1,2)	(7 of 4,5,12,16,17,21,25,26)

(sc) 8,2,8;4,0,2;5,5,7: 344 cap configurations found:
(0,2)	(0,1)	828	12	845	169-173	-	0,7,8,14,22	1,2	(7 of 1,2,7,8,9,12,18,21)
(0-3)	0	828	27	845	18	-	0,4,9,14,24	3,21	0,4,5,9,14,19,20
(0-3)	1	828	27	845	156	-	1,3,15,20,21	3,12	1,3,13,14,19,20,21
(0-3)	1	828	27	845	169-173	-	0,4,5,16,26	1,2	(7 of 4,5,12,16,17,21,25,26)
(0-3)	1	828	27	845	173	-	0,4,5,16,26	1,2	3,(4 or 5),(12 or 21),16,17,25,26

(sc) 8,2,8;2,1,3;7,5,5: 842 cap configurations found:
1	0	828	6	827	269	13	7,9,10,14,24	14,20,25	0,5,17,19,23
3	0	828	6	827	271	14	6,9,11,13,26	4,19,26	2,4,16,18,22
3	1	828	6	827	269	23	2,7,14,20,24	10,14,25	0,12,13,17,19
3	1	828	6	827	271	22	1,6,13,19,26	11,12,26	2,12,14,16,18
0	0	828	7	827	269	23	2,7,14,20,24	10,14,25	0,12,13,17,19
0	0	828	7	827	271	22	1,6,13,19,26	11,12,26	2,12,14,16,18
0	1	828	7	827	271	14	6,9,11,13,26	4,19,26	2,4,16,18,22
2	1	828	7	827	269	13	7,9,10,14,24	14,20,25	0,5,17,19,23
(0,2)	(0,1)	828	12	827	80	15,24	3,7,8,11,19	(3 of 4,5,6,10,20)	3,9,17,18,25
(0,2)	(0,1)	828	12	827	80	24	3,7,8,11,19	5,10,20	(3 or 25),9,11,17,18
(0,2)	(0,1)	828	12	827	155	4,5	6,9,14,18,22	(3 of 3,9,16,18,26)	4,5,6,11,19
(1,3)	(0,1)	828	12	827	80	7,8	3,9,16,18,26	(3 of 6,9,14,18,22)	3,7,8,10,20
(1,3)	(0,1)	828	12	827	155	12,21	4,5,6,10,20	(3 of 3,7,8,11,19)	6,9,13,18,23
0	0	828	21	827	264	26	6,7,12,15,22	3,18,26	2,6,15,16,18
1	0	828	21	827	224	14	3,16,21,22,26	2,9,14	2,4,18,21,22
(0-3)	0	828	27	827	172	0,9	7,9,13,14,26	(3 of 4,14,18,25,26)	3,8,9,21,25
(0-3)	0	828	27	827	269	18,20	4,8,11,21,26	(3 of 4,6,13,17,19)	3,11,15,16,22
(0-3)	0	828	27	827	269	18	4,8,11,21,26	4,17,19	(3 or 15),11,16,18,22
(0-3)	0	828	27	827	271	18,19	3,7,10,23,25	(3 of 5,7,14,15,20)	5,10,15,17,21
(0-3)	1	828	27	827	172	19,20	3,7,9,21,26	(3 of 4,6,14,15,18)	8,9,13,14,25
(0-3)	1	828	27	827	269	1,10	4,11,15,16,21	(3 of 6,17,19,21,23)	3,8,11,22,26
(0-3)	1	828	27	827	269	1	4,11,15,16,21	17,19,21	1,(3 or 8),11,22,26
(0-3)	1	828	27	827	271	2,11	3,10,15,17,23	(3 of 7,15,20,21,22)	5,7,10,21,25
1	0	828	28	827	273	19	3,10,19,20,24	8,14,15	4,5,12,17,26
1	1	828	28	827	273	11	3,8,10,11,20	7,22,24	4,12,21,25,26
3	0	828	28	827	272	11	3,10,11,15,20	7,22,24	4,5,16,21,25
3	1	828	28	827	272	19	3,7,10,19,20	8,14,15	5,12,16,17,21
1	0	828	32	827	271	17	0,12,14,16,20	1,23,25	1,8,13,19,24
1	1	828	32	827	269	26	1,5,17,18,23	11,16,22	6,9,10,14,25
1	1	828	32	827	271	25	0,4,16,20,22	9,17,23	8,9,11,13,24
3	0	828	32	827	269	16	1,12,13,17,18	11,22,26	2,6,14,20,25

(sc) 8,2,8;3,1,2;5,5,7: 1320 cap configurations found:
1	0	828	6	835	784	22	3,7,8,10,20	7,8	2,9,13,14,18,22,23
3	0	828	6	835	782	14	3,7,8,10,20	7,8	1,9,13,14,18,22,23
0	1	828	7	835	782	14	3,7,8,10,20	7,8	1,9,13,14,18,22,23
2	1	828	7	835	784	22	3,7,8,10,20	7,8	2,9,13,14,18,22,23
1	1	828	9	835	907	10	2,6,7,15,21	0,3	2,7,11,14,22,24,25
1	1	828	9	835	907	20	2,6,7,15,21	0,3	7,9,11,14,22,24,25
3	0	828	9	835	907	10	2,6,7,15,21	0,3	2,7,11,14,22,24,25
3	0	828	9	835	907	20	2,6,7,15,21	0,3	7,9,11,14,22,24,25
(0,2)	(0,1)	828	12	835	134	10	1,5,9,14,26	4,22	5,14,17,18,19,24,25
(0,2)	(0,1)	828	12	835	776-785	(3,6)	0,7,8,14,22	1,2	(7 of 1,2,7,8,9,12,18,21)
(0,2)	(0,1)	828	12	835	853	14	1,6,10,17,22	8,26	1,4,10,13,23,24,26
(0,2)	(0,1)	828	12	835	916	11	0,11,21,23,25	12,13	1,7,10,21,23,24,26
(1,3)	(0,1)	828	12	835	714	25	2,4,17,20,21	4,13	2,8,12,13,15,16,20
1	0	828	24	835	784	13	5,10,15,17,21	18,19	2,11,14,18,19,24,25
1	1	828	24	835	782	13	5,10,15,17,21	18,19	2,5,11,18,19,24,25
3	0	828	24	835	782	23	4,12,20,24,25	9,11	1,9,11,15,17,19,22
3	1	828	24	835	784	23	4,12,20,24,25	9,11	1,4,9,11,15,17,19
(0-3)	0	828	27	835	134	5	2,3,11,13,26	4,22	2,3,4,11,12,13,18
(0-3)	1	828	27	835	714	12	0,5,17,19,23	4,13	0,1,5,13,18,19,23
(0-3)	1	828	27	835	776-785	(11,19)	0,4,5,16,26	1,2	(7 of 4,5,12,16,17,21,25,26)
2	1	828	28	835	841	10	1,3,5,14,25	2,7	8,13,15,17,19,21,23
2	1	828	28	835	841	20	1,3,5,14,25	2,7	4,8,13,15,17,19,23
1	0	828	32	835	782	17	1,2,6,13,23	4,5	7,10,11,15,19,20,24
3	0	828	32	835	784	25	1,2,6,13,23	4,5	8,10,11,15,19,20,24

(sc) 8,2,8;2,2,2;7,5,5: 426 cap configurations found:
0	0	828	4	827	269	10,20	4,16,21,22,26	14,17	3,8,11,15,22
2	1	828	4	827	269	10,20	4,16,21,22,26	14,17	3,8,11,15,22
(0,2)	(0,1)	828	12	827	80	15,24	3,7,8,11,19	(2 of 4,5,6,10,20)	3,9,17,18,25
(0,2)	(0,1)	828	12	827	155	4,5	6,9,14,18,22	(2 of 3,9,16,18,26)	4,5,6,11,19
(1,3)	(0,1)	828	12	827	80	7,8	3,9,16,18,26	(2 of 6,9,14,18,22)	3,7,8,10,20
(1,3)	(0,1)	828	12	827	155	12,21	4,5,6,10,20	(2 of 3,7,8,11,19)	6,9,13,18,23
(0-3)	0	828	25,26	827	269	18,20	4,8,11,21,26	17,19	3,11,15,16,22
(0-3)	1	828	25,26	827	172	19,20	3,7,9,21,26	15,18	8,9,13,14,25
(0-3)	1	828	25,26	827	269	1,10	4,11,15,16,21	17,19	3,8,11,22,26
(0-3)	0	828	27	827	172	0,9	7,9,13,14,26	(2 of 4,14,18,25,26)	3,8,9,21,25
(0-3)	0	828	27	827	269	18,20	4,8,11,21,26	(2 of 4,6,13,17,19)	3,11,15,16,22
(0-3)	0	828	27	827	271	18,19	3,7,10,23,25	(2 of 5,7,14,15,20)	5,10,15,17,21
(0-3)	1	828	27	827	172	19,20	3,7,9,21,26	(2 of 4,6,14,15,18)	8,9,13,14,25
(0-3)	1	828	27	827	269	1,10	4,11,15,16,21	(2 of 6,17,19,21,23)	3,8,11,22,26
(0-3)	1	828	27	827	271	2,11	3,10,15,17,23	(2 of 7,15,20,21,22)	5,7,10,21,25

(sc) 8,2,8;1,1,4;7,4,6: 8 cap configurations found:
(0,2)	(0,1)	828	12	817	234	15	3,7,8,19	4,5,6,10	3,9,17,18,25,26
(1,3)	(0,1)	828	12	817	235	8	3,9,18,26	6,9,14,18	3,7,8,10,19,20

(sc) 8,2,8;2,1,3;7,4,6: 20 cap configurations found:
(0,2)	(0,1)	828	12	827	80	15	3,8,11,19	4,5,20	3,7,9,17,18,25
(0,2)	(0,1)	828	12	827	155	5	6,9,18,22	9,16,18	4,5,6,11,18,19
(0-3)	0	828	27	827	269	20	4,8,21,26	6,13,19	3,11,15,16,22,23
(0-3)	1	828	27	827	172	19	3,9,21,26	6,14,18	6,8,9,13,14,25
(0-3)	1	828	27	827	269	10	4,15,16,21	6,19,23	3,8,11,13,22,26

(sc) 8,2,8;1,2,3;7,4,6: 20 cap configurations found:
(0,2)	(0,1)	828	12	817	235	15,24	3,7,8,19	4,10,20	3,9,10,17,18,25
(1,3)	(0,1)	828	12	817	499	12,21	4,6,10,20	7,11,19	6,9,13,18,19,23
(0-3)	0	828	27	817	527	0,9	7,13,14,26	4,18,25	3,4,8,9,21,25
(0-3)	0	828	27	817	800	18,19	3,7,10,23	14,15,20	5,6,10,15,17,21
(0-3)	1	828	27	817	800	2,11	3,10,15,23	7,20,22	5,6,7,10,21,25

(sc) 8,2,8;2,2,2;7,4,6: 10 cap configurations found:
3	(0,1)	828	4	827	271	11,19	3,7,15,23	0,20	5,10,17,21,23,25
(0,2)	(0,1)	828	12	827	80	15,24	3,7,8,11	6,10	3,9,12,17,18,25
(0,2)	(0,1)	828	12	827	155	4,5	9,14,18,22	3,16	4,5,6,7,11,19

(sc) 8,2,8;4,1,1;6,5,6: 4 cap configurations found:
(1,3)	(0,1)	828	12	846	6	7	8,11,12,20,22	13	3,4,6,17,20,26

(sc) 8,2,8;3,2,1;6,5,6: 4 cap configurations found:
(0-3)	0	828	27	836	75	5,22	2,10,22,23,24	13	2,3,10,11,12,22

(sc) 8,2,8;3,1,2;6,5,6: 12 cap configurations found:
(0,2)	(0,1)	828	12	836	182	11	0,11,21,23,25	12,13	7,10,21,23,24,26
(1,3)	(0,1)	828	12	836	75	9	4,14,19,20,24	13,14	3,12,15,20,25,26
(0-3)	1	828	27	836	182	3	5,12,18,20,25	12,13	1,3,5,14,18,20

(sc) 8,2,8;2,2,2;6,5,6: 8 cap configurations found:
(1,3)	(0,1)	828	12	826	796	2,8	7,10,14,19,21	14,23	3,5,8,10,19,25
(1,3)	(0,1)	828	12	826	829	12,21	4,5,6,10,20	3,11	6,9,13,15,18,23

(sc) 8,2,8;2,1,3;6,5,6: 8 cap configurations found:
(1,3)	(0,1)	828	12	826	818	12	4,5,6,10,20	7,8,19	5,6,9,13,18,23
(0-3)	0	828	27	826	411	20	5,6,9,22,24	3,16,18	3,4,9,16,17,23

(sc) 8,2,8;2,3,1;6,6,5: 8 cap configurations found:
(1,3)	(0,1)	828	12	826	816	2,15,18	8,11,21,22,24,25	16	0,10,21,22,26
(0-3)	0	828	27	826	816	6,9,13	2,3,4,13,18,19	21	4,12,18,19,26

(sc) 8,2,8;4,1,1;5,6,6: 8 cap configurations found:
(0,2)	(0,1)	828	12	845	170	3	0,7,8,14,22,23	1	1,7,8,9,12,21
(0,2)	(0,1)	828	12	845	172	3	0,7,8,13,14,22	2	2,7,8,12,18,21

(sc) 8,2,8;3,2,1;5,6,6: 16 cap configurations found:
(0,2)	(0,1)	828	12	835	783	3,6	0,7,8,14,21,22	2	2,7,8,9,12,18
(0,2)	(0,1)	828	12	835	785	3,6	0,7,8,12,14,22	1	1,7,8,9,18,21
(0-3)	1	828	27	835	778	11,19	0,4,5,15,16,26	2	4,5,12,17,25,26
(0-3)	1	828	27	835	779	11,19	0,4,5,16,24,26	1	4,5,16,17,21,25

(sc) 8,2,8;3,1,2;5,6,6: 16 cap configurations found:
(0,2)	(0,1)	828	12	835	782	6	0,7,8,14,16,22	1,2	1,8,9,12,18,21
(0,2)	(0,1)	828	12	835	784	6	0,7,8,14,22,26	1,2	2,7,9,12,18,21
(0-3)	1	828	27	835	776	11	0,4,5,14,16,26	1,2	5,12,16,17,21,26
(0-3)	1	828	27	835	781	19	0,4,5,16,22,26	1,2	4,12,16,21,25,26

(cu) 8,2,8;2,0,4;8,5,4: 432 cap configurations found:
(0,1)	(1,2,5,6)	828	11	828	11	-	0,10,11,21,24	(4 of 0,10,11,21,24)	(4 of 0,10,11,21,24)
(0,1)	(1,2,5,6)	828	11	828	11	-	0,12,15,19,20	(4 of 0,12,15,19,20)	(4 of 0,12,15,19,20)
2	(1,5)	828	16	828	11	-	5,11,17,21,22	7,10,13,26	7,10,13,26
2	(1,5)	828	16	828	11	-	5,11,17,21,22	7,10,24,26	7,10,24,26
2	(1,5)	828	16	828	11	-	5,12,13,20,26	7,15,17,19	7,15,17,19
2	(1,5)	828	16	828	11	-	5,12,13,20,26	7,17,19,22	7,17,19,22
2	(2,6)	828	16	828	11	-	7,10,13,24,26	5,11,17,22	5,11,17,22
2	(2,6)	828	16	828	11	-	7,10,13,24,26	5,11,21,22	5,11,21,22
2	(2,6)	828	16	828	11	-	7,15,17,19,22	5,12,13,20	5,12,13,20
2	(2,6)	828	16	828	11	-	7,15,17,19,22	5,13,20,26	5,13,20,26
3	(1,5)	828	16	828	11	-	5,11,17,21,22	7,10,13,24	7,10,13,24
3	(1,5)	828	16	828	11	-	5,11,17,21,22	7,13,24,26	7,13,24,26
3	(1,5)	828	16	828	11	-	5,12,13,20,26	7,15,17,22	7,15,17,22
3	(1,5)	828	16	828	11	-	5,12,13,20,26	7,15,19,22	7,15,19,22
3	(2,6)	828	16	828	11	-	7,10,13,24,26	5,11,17,21	5,11,17,21
3	(2,6)	828	16	828	11	-	7,10,13,24,26	5,17,21,22	5,17,21,22
3	(2,6)	828	16	828	11	-	7,15,17,19,22	5,12,13,26	5,12,13,26
3	(2,6)	828	16	828	11	-	7,15,17,19,22	5,12,20,26	5,12,20,26

(sa) 8,2,8;2,0,4;8,5,4: 304 cap configurations found:
1	1	828	1	828	9	-	0,2,7,16,19	0,1,5,14	5,7,17,25
2	(0,1)	828	1	828	1	-	0,2,6,13,18	(4 of 0,1,3,17,18)	(4 of 0,2,3,9,25)
3	0	828	1	828	9	-	2,5,7,16,26	1,5,7,14	0,7,10,25
5	1	828	1	828	9	-	2,5,7,16,26	1,5,7,14	0,7,10,25
6	(0,1)	828	1	828	1	-	0,2,3,16,18	(4 of 0,1,6,14,18)	(4 of 0,2,6,9,22)
7	0	828	1	828	9	-	0,2,7,16,19	0,1,5,14	5,7,17,25
(1,5)	(0,1)	828	6	828	6	-	0,13,17,19,20	(4 of 0,14,16,21,24)	(4 of 0,10,11,23,25)
(3,7)	(0,1)	828	6	828	6	-	0,13,17,21,24	(4 of 0,14,16,19,20)	(4 of 0,12,15,23,25)

9,1,8;2,2,3;6,5,5: 48 cap configurations found:
0	0	2	1	918	981F	926	926:32	2,23	0,13,16,20,25	5,9,22	2,7,11,24,26
0	0	2	1	918	981F	926	926:32	2,26	0,13,16,20,22	8,9,25	2,4,11,21,23
0	0	6	0	918	981F	926	926:32	2,23	0,13,16,20,25	5,9,22	2,7,11,24,26
0	0	6	0	918	981F	926	926:32	2,26	0,13,16,20,22	8,9,25	2,4,11,21,23
0	1	2	1	918	981F	926	926:32	2,5	1,14,16,19,21	4,9,14	0,2,5,10,23
0	1	2	1	918	981F	926	926:32	2,17	14,16,19,21,25	9,16,26	5,7,23,24,26
0	1	6	0	918	981F	926	926:32	2,8	1,13,17,19,24	7,9,17	0,2,8,10,26
0	1	6	0	918	981F	926	926:32	2,14	13,17,19,22,24	9,13,23	4,8,21,23,26
0	2	2	1	918	981F	926	926:32	2,8	1,13,17,19,24	7,9,17	0,2,8,10,26
0	2	2	1	918	981F	926	926:32	2,14	13,17,19,22,24	9,13,23	4,8,21,23,26
0	2	6	0	918	981F	926	926:32	2,5	1,14,16,19,21	4,9,14	0,2,5,10,23
0	2	6	0	918	981F	926	926:32	2,17	14,16,19,21,25	9,16,26	5,7,23,24,26
1	0	2	0	918	981F	926	926:32	3,9	0,8,10,23,26	2,12,22	1,16,17,19,24
1	0	2	0	918	981F	926	926:32	6,9	0,5,10,23,26	2,15,25	1,13,14,19,21
1	0	6	1	918	981F	926	926:32	3,9	0,8,10,23,26	2,12,22	1,16,17,19,24
1	0	6	1	918	981F	926	926:32	6,9	0,5,10,23,26	2,15,25	1,13,14,19,21
1	1	2	0	918	981F	926	926:32	9,12	2,4,11,21,26	2,4,21	0,13,19,20,22
1	1	2	0	918	981F	926	926:32	9,24	2,4,8,21,26	2,6,16	13,16,17,22,24
1	1	6	1	918	981F	926	926:32	9,15	2,7,11,23,24	2,7,24	0,16,19,20,25
1	1	6	1	918	981F	926	926:32	9,21	2,5,7,23,24	2,3,13	13,14,16,21,25
1	2	2	0	918	981F	926	926:32	9,15	2,7,11,23,24	2,7,24	0,16,19,20,25
1	2	2	0	918	981F	926	926:32	9,21	2,5,7,23,24	2,3,13	13,14,16,21,25
1	2	6	1	918	981F	926	926:32	9,12	2,4,11,21,26	2,4,21	0,13,19,20,22
1	2	6	1	918	981F	926	926:32	9,24	2,4,8,21,26	2,6,16	13,16,17,22,24
2	0	2	0	918	981F	926	926:5	2,23	0,1,5,8,17	1,3,5	7,10,19,24,26
2	0	2	0	918	981F	926	926:5	2,26	0,1,5,8,14	1,6,8	4,10,19,21,23
2	0	2	1	918	981F	926	926:5	1,22	0,2,4,7,16	2,3,4	8,11,20,24,25
2	0	2	1	918	981F	926	926:5	1,25	0,2,4,7,13	2,6,7	5,11,20,21,22
2	0	6	0	918	981F	926	926:5	1,22	0,2,4,7,16	2,3,4	8,11,20,24,25
2	0	6	0	918	981F	926	926:5	1,25	0,2,4,7,13	2,6,7	5,11,20,21,22
2	0	6	1	918	981F	926	926:5	2,23	0,1,5,8,17	1,3,5	7,10,19,24,26
2	0	6	1	918	981F	926	926:5	2,26	0,1,5,8,14	1,6,8	4,10,19,21,23
2	1	2	0	918	981F	926	926:5	2,5	8,11,20,21,22	1,12,14	0,2,4,10,13
2	1	2	0	918	981F	926	926:5	2,17	8,11,17,21,22	1,24,26	4,7,13,24,26
2	1	2	1	918	981F	926	926:5	1,4	7,10,19,21,23	2,12,13	0,1,5,11,14
2	1	2	1	918	981F	926	926:5	1,16	7,10,16,21,23	2,24,25	5,8,14,24,25
2	1	6	0	918	981F	926	926:5	1,7	4,10,19,24,26	2,15,16	0,1,8,11,17
2	1	6	0	918	981F	926	926:5	1,13	4,10,13,24,26	2,21,22	5,8,17,21,22
2	1	6	1	918	981F	926	926:5	2,8	5,11,20,24,25	1,15,17	0,2,7,10,16
2	1	6	1	918	981F	926	926:5	2,14	5,11,14,24,25	1,21,23	4,7,16,21,23
2	2	2	0	918	981F	926	926:5	2,8	5,11,20,24,25	1,15,17	0,2,7,10,16
2	2	2	0	918	981F	926	926:5	2,14	5,11,14,24,25	1,21,23	4,7,16,21,23
2	2	2	1	918	981F	926	926:5	1,7	4,10,19,24,26	2,15,16	0,1,8,11,17
2	2	2	1	918	981F	926	926:5	1,13	4,10,13,24,26	2,21,22	5,8,17,21,22
2	2	6	0	918	981F	926	926:5	1,4	7,10,19,21,23	2,12,13	0,1,5,11,14
2	2	6	0	918	981F	926	926:5	1,16	7,10,16,21,23	2,24,25	5,8,14,24,25
2	2	6	1	918	981F	926	926:5	2,5	8,11,20,21,22	1,12,14	0,2,4,10,13
2	2	6	1	918	981F	926	926:5	2,17	8,11,17,21,22	1,24,26	4,7,13,24,26

(sc) 8,2,8;5,2,0;5,3,8: 102 cap configurations found:
0	0	828	6	855	8	17,25	2,13,23		7,8,10,11,15,19,20,24
2	0	828	6	855	8	17,25	1,13,23		7,8,10,11,15,19,20,24
1	1	828	7	855	8	17,25	1,13,23		7,8,10,11,15,19,20,24
3	1	828	7	855	8	17,25	2,13,23		7,8,10,11,15,19,20,24
(0,2)	(0,1)	828	12	855	8	3,6	(3 of 0,7,8,14,22)		1,2,7,8,9,12,18,21
(0,2)	(0,1)	828	12	855	8	3,6	7,14,22		1,2,7,8,(9 or 12),15,18,21
(0,2)	(0,1)	828	12	855	8	3,6	8,14,22		1,2,7,8,9,12,(18 or 21),24
(0-3)	1	828	27	855	8	11,19	(3 of 0,4,5,16,26)		4,5,12,16,17,21,25,26
0	0	828	32	855	8	14,22	7,10,20		1,2,9,13,14,18,22,23
2	0	828	32	855	8	14,22	8,10,20		1,2,9,13,14,18,22,23

(sc) 8,2,8;2,1,4;8,5,3: 1620 cap configurations found:
(0,2)	(0,1)	828	12	828	6	24	3,7,8,11,19	5,6,10,20	3,9,17
(0,2)	(0,1)	828	12	828	27	(1,2)	0,12,17,21,25	(4 of 0,13,15,23,24)	(3 of 0,7,8,14,22)
(0,2)	(0,1)	828	12	828	32	12	1,2,6,14,22	1,3,16,26	6,19,21
(1,3)	(0,1)	828	12	828	7	12	4,5,6,10,20	3,8,11,19	6,18,23
(1,3)	(0,1)	828	12	828	27	(9,18)	0,7,8,13,23	(4 of 0,4,5,17,25)	(3 of 0,12,16,21,26)
(0-3)	0	828	27	828	12	(1,2)	0,13,15,23,24	(4 of 0,12,17,21,25)	(3 of 0,7,8,14,22)
(0-3)	0	828	27	828	24	20	6,17,19,21,23	11,15,16,21	4,8,19
(0-3)	1	828	27	828	12	(9,18)	0,7,8,13,23	(4 of 0,4,5,17,25)	(3 of 0,14,15,22,24)
(0-3)	1	828	27	828	24	9	4,6,13,17,19	8,11,21,26	8,19,23

(sc) 8,2,8;2,2,3;8,5,3: 1696 cap configurations found:
(0,2)	(0,1)	828	12	828	27	1,2	0,3,12,17,25	0,15,24	0,14,22
(0,2)	(0,1)	828	12	828	27	1,2	0,3,17,21,25	0,15,24	0,14,22
(0,2)	(0,1)	828	12	828	27	1,2	0,6,12,17,21	0,15,24	0,14,22
(0,2)	(0,1)	828	12	828	27	1,2	0,6,12,21,25	0,15,24	0,14,22
(0,2)	(0,1)	828	12	828	27	1,2	0,12,17,21,25	(3 of 0,13,15,23,24)	(3 of 0,7,8,14,22)
(1,3)	(0,1)	828	12	828	27	9,18	0,3,7,8,13	0,4,5	0,16,26
(1,3)	(0,1)	828	12	828	27	9,18	0,3,7,8,23	0,4,5	0,16,26
(1,3)	(0,1)	828	12	828	27	9,18	0,6,7,13,23	0,4,5	0,16,26
(1,3)	(0,1)	828	12	828	27	9,18	0,6,8,13,23	0,4,5	0,16,26
(1,3)	(0,1)	828	12	828	27	9,18	0,7,8,13,23	(3 of 0,4,5,17,25)	(3 of 0,12,16,21,26)
(0-3)	0	828	27	828	12	1,2	0,3,13,15,24	0,12,21	0,7,8
(0-3)	0	828	27	828	12	1,2	0,3,15,23,24	0,12,21	0,7,8
(0-3)	0	828	27	828	12	1,2	0,6,13,15,23	0,12,21	0,14,22
(0-3)	0	828	27	828	12	1,2	0,6,13,23,24	0,12,21	0,14,22
(0-3)	0	828	27	828	12	1,2	0,13,15,16,24	17,21,25	7,14,22
(0-3)	0	828	27	828	12	1,2	0,13,15,23,24	(3 of 0,12,17,21,25)	(3 of 0,7,8,14,22)
(0-3)	0	828	27	828	12	1,2	0,15,23,24,26	12,17,25	8,14,22
(0-3)	0	828	27	828	12	1,2	13,15,16,23,24	17,21,25	7,14,22
(0-3)	0	828	27	828	12	1,2	13,15,23,24,26	12,17,25	8,14,22
(0-3)	1	828	27	828	12	9,18	0,3,7,8,13	0,4,5	0,15,24
(0-3)	1	828	27	828	12	9,18	0,3,7,8,23	0,4,5	0,15,24
(0-3)	1	828	27	828	12	9,18	0,6,7,13,23	0,4,5	0,14,22
(0-3)	1	828	27	828	12	9,18	0,6,8,13,23	0,4,5	0,14,22
(0-3)	1	828	27	828	12	9,18	0,7,8,13,16	5,17,25	14,15,22
(0-3)	1	828	27	828	12	9,18	0,7,8,13,23	(3 of 0,4,5,17,25)	(3 of 0,14,15,22,24)
(0-3)	1	828	27	828	12	9,18	0,7,8,23,26	4,17,25	14,22,24
(0-3)	1	828	27	828	12	9,18	7,8,13,16,23	5,17,25	14,15,22
(0-3)	1	828	27	828	12	9,18	7,8,13,23,26	4,17,25	14,22,24

(sc) 8,2,8;4,4,8;5,1,1 (excluding 5,18,18 and 6,17,18):
288 cap configurations found, all of which are among the following:
(1,3)	(0,1)	828	12	845	169-173	(4 of 0,4,5,16,26)	(3,6)	1,2,4,5,9,15,18,24	(1,2)
(0-3)	0	828	27	845	169-173	(4 of 0,7,8,14,22)	(10,20)	7,8,13,14,15,22,23,24	(1,2)

(sc) 8,2,8;2,1,4;8,4,4 (excluding 5,18,18 and 6,17,18):
896 cap configurations found, all of which are among the following:
(0,2)	(0,1)	828	12	828	27	(1,2)	(4 of 0,12,17,21,25)	(4 of 0,13,15,23,24)	(4 of 0,7,8,14,22)
(1,3)	(0,1)	828	12	828	27	(9,18)	(4 of 0,7,8,13,23)	(4 of 0,4,5,17,25)	(4 of 0,12,16,21,26)
(0-3)	0	828	27	828	12	(1,2)	(4 of 0,13,15,23,24)	(4 of 0,12,17,21,25)	(4 of 0,7,8,14,22)
(0-3)	1	828	27	828	12	(9,18)	(4 of 0,7,8,13,23)	(4 of 0,4,5,17,25)	(4 of 0,14,15,22,24)

(sc) 8,2,8;1,2,4;8,4,4 (excluding 5,18,18 and 6,17,18):
1024 cap configurations found, all of which are among the following:
(0,2)	(0,1)	828	12	818	194,195	1,2	(4 of 0,12,17,21,25)	(4 of 0,13,15,23,24)	(4 of 0,7,8,14,22)
(1,3)	(0,1)	828	12	818	194,195	9,18	(4 of 0,7,8,13,23)	(4 of 0,4,5,17,25)	(4 of 0,12,16,21,26)
(0-3)	0	828	27	818	39,40	1,2	(4 of 0,13,15,23,24)	(4 of 0,12,17,21,25)	(4 of 0,7,8,14,22)
(0-3)	1	828	27	818	39,40	9,18	(4 of 0,7,8,13,23)	(4 of 0,4,5,17,25)	(4 of 0,14,15,22,24)

(sc) 8,2,8;2,2,3;8,4,4 (excluding 5,18,18 and 6,17,18):
592 cap configurations found, all of which are among the following:
(0,2)	(0,1)	828	12	828	27	1,2	(4 of 0,12,17,21,25)	(3 of 0,13,15,23,24)	(4 of 0,7,8,14,22)
(1,3)	(0,1)	828	12	828	27	9,18	(4 of 0,7,8,13,23)	(3 of 0,4,5,17,25)	(4 of 0,12,16,21,26)
(0-3)	0	828	27	828	12	1,2	(4 of 0,13,15,23,24)	(3 of 0,12,17,21,25)	(4 of 0,7,8,14,22)
(0-3)	1	828	27	828	12	9,18	(4 of 0,7,8,13,23)	(3 of 0,4,5,17,25)	(4 of 0,14,15,22,24)

(sc) 8,2,8;3,5,8;5,0,2 (excluding 5,18,18 and 6,17,18):
40 cap configurations found, all of which are among the following:
(1,3)	(0,1)	828	12	835	(776,778,779,781)	0,4,5,16,26	-	1,2,4,5,9,15,18,24	1,2
(0-3)	0	828	27	835	(776,777,780-782,784)	0,7,8,14,22	-	7,8,13,14,15,22,23,24	1,2

(sc) 8,2,8;1,2,4;8,3,5 (excluding 5,18,18 and 6,17,18):
416 cap configurations found, all of which are among the following:
(0,2)	(0,1)	828	12	818	194,195	1,2	(3 of 0,12,17,21,25)	(4 of 0,13,15,23,24)	0,7,8,14,22
(1,3)	(0,1)	828	12	818	194,195	9,18	(3 of 0,7,8,13,23)	(4 of 0,4,5,17,25)	0,12,16,21,26
(0-3)	0	828	27	818	39,40	1,2	(3 of 0,13,15,23,24)	(4 of 0,12,17,21,25)	0,7,8,14,22
(0-3)	1	828	27	818	39,40	9,18	(3 of 0,7,8,13,23)	(4 of 0,4,5,17,25)	0,14,15,22,24

(sc) 8,2,8;2,2,3;8,3,5 (excluding 5,18,18 and 6,17,18):
576 cap configurations found, all of which are among the following:
(0,2)	(0,1)	828	12	828	27	1,2	(3 of 0,12,17,21,25)	(3 of 0,13,15,23,24)	0,7,8,14,22
(1,3)	(0,1)	828	12	828	27	9,18	(3 of 0,7,8,13,23)	(3 of 0,4,5,17,25)	0,12,16,21,26
(0-3)	0	828	27	828	12	1,2	(3 of 0,13,15,23,24)	(3 of 0,12,17,21,25)	0,7,8,14,22
(0-3)	1	828	27	828	12	9,18	(3 of 0,7,8,13,23)	(3 of 0,4,5,17,25)	0,14,15,22,24

(sc) 8,2,8;5,2,0;5,4,7: 320 cap configurations found:
(0,2)	(0,1)	828	12	855	8	3,6	(4 of 0,7,8,14,22)	-	(7 of 1,2,7,8,9,12,18,21)
(0-3)	1	828	27	855	8	11,19	(4 of 0,4,5,16,26)	-	(7 of 4,5,12,16,17,21,25,26)

(sc) 8,2,8;5,1,1;5,4,7: 1344 cap configurations found:
(0,2)	(0,1)	828	12	855	8	(3,6)	(4 of 0,7,8,14,22)	(1,2)	(7 of 1,2,7,8,9,12,18,21)
(0-3)	1	828	27	855	8	(11,19)	(4 of 0,4,5,16,26)	(1,2)	(7 of 4,5,12,16,17,21,25,26)
(0-3)	1	828	27	855	8	11	0,4,5,16	1	(4 or 16),5,12,17,19,(21 or 26),25
(0-3)	1	828	27	855	8	11	0,4,5,16	2	1,4,5,(12 or 26),16,(17 or 21),25
(0-3)	1	828	27	855	8	19	0,4,5,26	1	2,4,5,(12 or 25),(16 or 21),17,26
(0-3)	1	828	27	855	8	19	0,4,5,26	2	4,(5 or 26),11,(12 or 16),17,21,25

(sc) 8,2,8;5,0,2;5,4,7: 320 cap configurations found:
(0,2)	(0,1)	828	12	855	8	-	(4 of 0,7,8,14,22)	1,2	(7 of 1,2,7,8,9,12,18,21)
(0-3)	1	828	27	855	8	-	(4 of 0,4,5,16,26)	1,2	(7 of 4,5,12,16,17,21,25,26)

(sc) 8,2,8;4,2,1;5,4,7 (excluding 5,18,18 and 6,17,18):
496 cap configurations found, all of which are among the following:
(0,2)	(0,1)	828	12	845	169-173	3,6	(4 of 0,7,8,14,22)	(1,2)	(7 of 1,2,7,8,9,12,18,21)
(0-3)	1	828	27	845	169-173	11,19	(4 of 0,4,5,16,26)	(1,2)	(7 of 4,5,12,16,17,21,25,26)

(sc) 8,2,8;4,1,2;5,4,7 (excluding 5,18,18 and 6,17,18):
920 cap configurations found, all of which are among the following:
(0,2)	(0,1)	828	12	845	169-173	(3,6)	(4 of 0,7,8,14,22)	1,2	(7 of 1,2,7,8,9,12,18,21)
(0-3)	1	828	27	845	169-173	(11,19)	(4 of 0,4,5,16,26)	1,2	(7 of 4,5,12,16,17,21,25,26)

(sc) 8,2,8;2,2,3;7,5,4 (excluding 5,18,18 and 6,17,18):
328 cap configurations found, all of which are among the following:
(0,2)	(0,1)	828	12	827	80	15,24	3,7,8,11,19	(3 of 4,5,6,10,20)	(4 of 3,9,17,18,25)
(0,2)	(0,1)	828	12	827	155	4,5	6,9,14,18,22	(3 of 3,9,16,18,26)	(4 of 4,5,6,11,19)
(1,3)	(0,1)	828	12	827	80	7,8	3,9,16,18,26	(3 of 6,9,14,18,22)	(4 of 3,7,8,10,20)
(1,3)	(0,1)	828	12	827	155	12,21	4,5,6,10,20	(3 of 3,7,8,11,19)	(4 of 6,9,13,18,23)
(0-3)	0	828	27	827	172	0,9	7,9,13,14,26	(3 of 4,14,18,25,26)	(4 of 3,8,9,21,25)
(0-3)	0	828	27	827	269	18,20	4,8,11,21,26	(3 of 4,6,13,17,19)	(4 of 3,11,15,16,22)
(0-3)	0	828	27	827	271	18,19	3,7,10,23,25	(3 of 5,7,14,15,20)	(4 of 5,10,15,17,21)
(0-3)	1	828	27	827	172	19,20	3,7,9,21,26	(3 of 4,6,14,15,18)	(4 of 8,9,13,14,25)
(0-3)	1	828	27	827	269	1,10	4,11,15,16,21	(3 of 6,17,19,21,23)	(4 of 3,8,11,22,26)
(0-3)	1	828	27	827	271	2,11	3,10,15,17,23	(3 of 7,15,20,21,22)	(4 of 5,7,10,21,25)

(sc) 8,2,8;4,5,7;5,2,0: 320 cap configurations found:
(1,3)	(0,1)	828	12	845	169-173	0,4,5,16,26	3,6	(7 of 1,2,4,5,9,15,18,24)	-
(0-3)	0	828	27	845	169-173	0,7,8,14,22	10,20	(7 of 7,8,13,14,15,22,23,24)	-

(sc) 8,2,8;4,5,7;5,1,1: 1348 cap configurations found:
1	0	828	11	845	187	0,4,9,12,14	2	2,5,6,7,13,15,16	21
1	0	828	11	845	187	0,4,9,12,14	25	2,5,7,13,15,16,23	21
3	0	828	11	845	177	0,11,15,18,22	22	5,9,10,14,17,18,22	18
3	0	828	11	845	177	0,11,15,18,22	23	5,9,10,14,17,19,22	18
(1,3)	(0,1)	828	12	845	169-173	0,4,5,16,26	(3,6)	(7 of 1,2,4,5,9,15,18,24)	(1,2)
(0-3)	0	828	27	845	169-173	0,7,8,14,22	(10,20)	(7 of 7,8,13,14,15,22,23,24)	(1,2)
(0-3)	0	828	27	845	169	0,7,8,14,22	10	7,(8 or 14),13,15,20,(22 or 24),23	2
(0-3)	0	828	27	845	169	0,7,8,14,22	20	1,7,8,13,(14 or 24),(15 or 23),22	2
(0-3)	0	828	27	845	171	0,7,8,14,22	10	2,7,8,(13 or 24),14,(15 or 22),23	1
(0-3)	0	828	27	845	171	0,7,8,14,22	20	(7 or 22),8,10,13,(14 or 15),23,24	1

(sc) 8,2,8;4,5,7;5,0,2: 320 cap configurations found:
(1,3)	(0,1)	828	12	845	169-173	0,4,5,16,26	-	(7 of 1,2,4,5,9,15,18,24)	1,2
(0-3)	0	828	27	845	169-173	0,7,8,14,22	-	(7 of 7,8,13,14,15,22,23,24)	1,2

(sc) 8,2,8;2,1,4;7,4,5 (excluding 5,18,18 and 6,17,18):
552 cap configurations found, all of which are among the following:
(0,2)	(0,1)	828	12	827	80	(15,24)	(4 of 3,7,8,11,19)	(4 of 4,5,6,10,20)	3,9,17,18,25
(0,2)	(0,1)	828	12	827	155	(4,5)	(4 of 6,9,14,18,22)	(4 of 3,9,16,18,26)	4,5,6,11,19
(1,3)	(0,1)	828	12	827	80	(7,8)	(4 of 3,9,16,18,26)	(4 of 6,9,14,18,22)	3,7,8,10,20
(1,3)	(0,1)	828	12	827	155	(12,21)	(4 of 4,5,6,10,20)	(4 of 3,7,8,11,19)	6,9,13,18,23
(0-3)	0	828	27	827	172	(0,9)	(4 of 7,9,13,14,26)	(4 of 4,14,18,25,26)	3,8,9,21,25
(0-3)	0	828	27	827	269	(18,20)	(4 of 4,8,11,21,26)	(4 of 4,6,13,17,19)	3,11,15,16,22
(0-3)	0	828	27	827	271	(18,19)	(4 of 3,7,10,23,25)	(4 of 5,7,14,15,20)	5,10,15,17,21
(0-3)	1	828	27	827	172	(19,20)	(4 of 3,7,9,21,26)	(4 of 4,6,14,15,18)	8,9,13,14,25
(0-3)	1	828	27	827	269	(1,10)	(4 of 4,11,15,16,21)	(4 of 6,17,19,21,23)	3,8,11,22,26
(0-3)	1	828	27	827	271	(2,11)	(4 of 3,10,15,17,23)	(4 of 7,15,20,21,22)	5,7,10,21,25

(sc) 8,2,8;1,2,4;7,4,5 (excluding 5,18,18 and 6,17,18):
288 cap configurations found, all of which are among the following:
(0,2)	(0,1)	828	12	817	234,235	15,24	(4 of 3,7,8,11,19)	(4 of 4,5,6,10,20)	3,9,17,18,25
(0,2)	(0,1)	828	12	817	497,499	4,5	(4 of 6,9,14,18,22)	(4 of 3,9,16,18,26)	4,5,6,11,19
(1,3)	(0,1)	828	12	817	234,235	7,8	(4 of 3,9,16,18,26)	(4 of 6,9,14,18,22)	3,7,8,10,20
(1,3)	(0,1)	828	12	817	497,499	12,21	(4 of 4,5,6,10,20)	(4 of 3,7,8,11,19)	6,9,13,18,23
(0-3)	0	828	27	817	526,527	0,9	(4 of 7,9,13,14,26)	(4 of 4,14,18,25,26)	3,8,9,21,25
(0-3)	0	828	27	817	796,798	18,20	(4 of 4,8,11,21,26)	(4 of 4,6,13,17,19)	3,11,15,16,22
(0-3)	0	828	27	817	799,800	18,19	(4 of 3,7,10,23,25)	(4 of 5,7,14,15,20)	5,10,15,17,21
(0-3)	1	828	27	817	526,527	19,20	(4 of 3,7,9,21,26)	(4 of 4,6,14,15,18)	8,9,13,14,25
(0-3)	1	828	27	817	796,798	1,10	(4 of 4,11,15,16,21)	(4 of 6,17,19,21,23)	3,8,11,22,26
(0-3)	1	828	27	817	799,800	2,11	(4 of 3,10,15,17,23)	(4 of 7,15,20,21,22)	5,7,10,21,25

(sc) 8,2,8;2,2,3;7,4,5 (excluding 5,18,18 and 6,17,18):
328 cap configurations found, all of which are among the following:
(0,2)	(0,1)	828	12	827	80	15,24	(4 of 3,7,8,11,19)	(3 of 4,5,6,10,20)	3,9,17,18,25
(0,2)	(0,1)	828	12	827	155	4,5	(4 of 6,9,14,18,22)	(3 of 3,9,16,18,26)	4,5,6,11,19
(1,3)	(0,1)	828	12	827	80	7,8	(4 of 3,9,16,18,26)	(3 of 6,9,14,18,22)	3,7,8,10,20
(1,3)	(0,1)	828	12	827	155	12,21	(4 of 4,5,6,10,20)	(3 of 3,7,8,11,19)	6,9,13,18,23
(0-3)	0	828	27	827	172	0,9	(4 of 7,9,13,14,26)	(3 of 4,14,18,25,26)	3,8,9,21,25
(0-3)	0	828	27	827	269	18,20	(4 of 4,8,11,21,26)	(3 of 4,6,13,17,19)	3,11,15,16,22
(0-3)	0	828	27	827	271	18,19	(4 of 3,7,10,23,25)	(3 of 5,7,14,15,20)	5,10,15,17,21
(0-3)	1	828	27	827	172	19,20	(4 of 3,7,9,21,26)	(3 of 4,6,14,15,18)	8,9,13,14,25
(0-3)	1	828	27	827	269	1,10	(4 of 4,11,15,16,21)	(3 of 6,17,19,21,23)	3,8,11,22,26
(0-3)	1	828	27	827	271	2,11	(4 of 3,10,15,17,23)	(3 of 7,15,20,21,22)	5,7,10,21,25

(sc) 8,2,8;5,2,0;5,5,6 (excluding 5,18,18 and 6,17,18):
80 cap configurations found, all of which are among the following:
(0,2)	(0,1)	828	12	855	8	3,6	0,7,8,14,22	-	(6 of 1,2,7,8,9,12,18,21)
(0-3)	1	828	27	855	8	11,19	0,4,5,16,26	-	(6 of 4,5,12,16,17,21,25,26)

(sc) 8,2,8;5,1,1;5,5,6 (excluding 5,18,18 and 6,17,18):
168 cap configurations found, all of which are among the following:
(0,2)	(0,1)	828	12	855	8	(3,6)	0,7,8,14,22	(1,2)	(6 of 1,2,7,8,9,12,18,21)
(0-3)	1	828	27	855	8	(11,19)	0,4,5,16,26	(1,2)	(6 of 4,5,12,16,17,21,25,26)

(sc) 8,2,8;5,0,2;5,5,6 (excluding 5,18,18 and 6,17,18):
92 cap configurations found, all of which are among the following:
(0,2)	(0,1)	828	12	855	8	-	0,7,8,14,22	1,2	(6 of 1,2,7,8,9,12,18,21)
(0-3)	1	828	27	855	8	-	0,4,5,16,26	1,2	(6 of 4,5,12,16,17,21,25,26)

(sc) 8,2,8;4,2,1;5,5,6 (excluding 5,18,18 and 6,17,18):
400 cap configurations found, all of which are among the following:
(0,2)	(0,1)	828	12	845	169-173	3,6	0,7,8,14,22	(1,2)	(6 of 1,2,7,8,9,12,18,21)
(0-3)	1	828	27	845	169-173	11,19	0,4,5,16,26	(1,2)	(6 of 4,5,12,16,17,21,25,26)

(sc) 8,2,8;4,1,2;5,5,6 (excluding 5,18,18 and 6,17,18):
392 cap configurations found, all of which are among the following:
(0,2)	(0,1)	828	12	845	169-173	(3,6)	0,7,8,14,22	1,2	(6 of 1,2,7,8,9,12,18,21)
(0-3)	1	828	27	845	169-173	(11,19)	0,4,5,16,26	1,2	(6 of 4,5,12,16,17,21,25,26)

(sc) 8,2,8;3,2,2;5,5,6 (excluding 5,18,18 and 6,17,18):
508 cap configurations found, all of which are among the following:
(0,2)	(0,1)	828	12	835	776-785	3,6	0,7,8,14,22	1,2	(6 of 1,2,7,8,9,12,18,21)
(0-3)	1	828	27	835	776-785	11,19	0,4,5,16,26	1,2	(6 of 4,5,12,16,17,21,25,26)

(end)
