276138
277172
277657
284466
285468
285993
288346
289388
289905
302512
304880
308275
314224
317493
320054
333720
338648
340510
347480
349211
354333
362322
363412
363729
365955
369350
372885
379205
381206
385107
400296
404712
407597
411496
414254
418859
427938
428772
429409
432517
435395
438438
443206
446755
450661
460490
461644
462217
463750
469189
471179
476483
479501
483406
538225
539226
539756
546457
547498
548020
550697
551730
552220
564440
567128
570397
576408
579614
582171
595688
600936
602667
609704
611373
616494
624521
625354
625996
627909
631619
634958
641414
643211
647437
662256
666992
669750
673712
676403
681013
689873
691026
691604
694470
697669
700499
705411
708757
712982
722785
723874
724196
725699
731462
733285
738693
741542
745763
1062684
1063721
1064242
1070700
1071729
1072218
1074868
1075865
1076394
1088872
1091496
1094702
1100520
1103915
1106477
1120112
1125296
1126965
1133808
1135670
1140787
1148644
1149793
1150370
1152326
1155973
1159459
1165507
1167461
1171622
1186648
1191320
1194011
1197784
1200669
1205278
1214284
1215369
1215690
1218883
1222022
1224973
1229509
1232974
1237131
1247124
1247953
1248594
1250117
1255811
1257750
1262790
1265747
1269909
2111125
2112278
2112595
2119334
2120483
2120805
2123403
2124557
2124878
2137142
2139678
2143430
2148910
2152774
2155398
2168371
2173467
2175875
2182187
2184387
2189635
2197162
2198322
2198618
2200816
2204568
2208082
2214248
2216354
2220234
2234933
2239517
2242885
2246189
2249605
2254021
2262708
2263836
2264172
2267504
2270424
2273684
2278312
2281700
2285900
2295449
2296617
2296945
2298800
2304344
2306257
2311400
2314593
2318729
2889392
2894936
2902824
2928662
2973707
2982786
3035173
3049796
3081409
3414832
3417752
3427432
3461158
3485715
3507394
3563533
3572612
3606849
3677296
3681048
3688104
3727374
3756067
3770690
3813397
3835076
3867521
4208206
4209291
4209933
4216403
4217493
4218134
4220517
4221606
4222243
4234267
4236843
4240707
4246067
4249987
4252355
4265501
4270637
4272837
4279349
4281669
4286853
4294257
4295321
4295977
4298072
4301544
4305289
4311472
4313297
4317537
4332062
4336686
4340102
4343350
4346566
4351302
4359770
4360874
4361522
4364696
4367720
4370634
4375280
4378962
4383138
4392556
4393652
4394268
4395736
4401576
4403532
4408688
4411796
4415716
4987544
4990568
5000496
5034003
5058573
5080385
5136422
5145282
5179780
5512472
5515944
5523056
5562403
5591061
5605761
5648398
5670210
5702340
5772888
5778728
5786288
5812235
5857317
5866177
5918742
5933442
5965124
6566534
6576389
6579267
6587954
6622233
6656400
6687276
6734176
6758600
6829125
6836867
6842630
6851098
6882857
6922568
6949940
6983888
7029152
7078570
7079025
7080220
7082133
7086158
7094563
7110994
7117840
7135746
7143817
7154184
7164929
7194880
7209188
7223300
7226912
7251008
7279232
7354627
7361606
7365253
7375914
7408177
7454944
7472668
7512456
7541072
7602868
7603290
7604521
7606550
7610507
7618661
7635362
7648258
7653920
7667921
7673360
7694337
7709312
7733580
7744520
7754244
7772416
7816256
7864985
7865452
7866674
7868499
7872781
7880870
7897290
7906824
7919618
7930209
7942657
7949344
7967808
7995796
8002064
8020996
8045184
8071424
8402723
8403557
8404134
8410893
8411726
8412299
8414998
8415827
8416405
8428589
8431157
8435077
8440349
8444101
8446789
8459822
8464950
8467270
8473630
8476038
8480966
8488732
8489580
8490164
8492456
8495984
8499428
8505560
8507724
8511892
8526379
8530995
8534211
8537627
8540995
8545667
8554281
8555121
8555673
8558824
8562096
8565089
8569688
8573321
8577233
8587058
8587866
8588458
8590184
8595696
8597922
8603032
8605898
8610130
9182376
9185904
9193240
9232405
9261070
9275588
9318435
9340289
9372482
9705256
9710768
9718360
9744421
9789462
9798468
9850891
9865409
9897346
9968232
9971504
9981080
10014733
10039334
10061188
10117139
10126145
10160322
10761347
10769158
10774597
10783284
10815002
10854608
10882089
10916256
10961224
11024454
11031685
11035395
11045916
11078186
11125128
11142705
11182416
11210976
11273010
11273369
11274348
11276454
11280467
11288845
11305364
11314704
11327492
11337930
11350530
11357192
11375744
11403617
11409952
11428865
11453184
11479104
11547397
11556931
11560070
11568684
11602994
11637088
11667993
11714760
11739536
11797276
11797674
11798641
11800867
11804821
11812942
11829476
11836448
11854340
11862354
11872784
11883522
11913280
11927945
11941889
11945480
11969664
11997952
12059433
12059828
12060762
12062821
12067094
12075147
12091724
12104708
12110344
12124578
12129824
12150786
12165888
12189905
12200976
12210689
12228672
12272768
12859525
12866819
12870214
12880945
12913180
12960080
12977706
13017312
13046152
13120067
13129862
13133061
13141529
13175852
13209800
13240882
13287824
13312352
13369946
13370665
13371572
13373579
13377637
13386006
13402321
13415425
13421072
13435212
13440520
13461508
13476416
13500834
13511712
13521410
13539456
13583616
13645062
13652549
13658243
13666857
13698612
13738400
13765658
13799752
13844688
13894252
13894962
13895833
13897997
13901990
13910099
13926753
13936160
13948929
13959572
13971972
13978640
13997312
14024906
14031368
14050306
14074432
14100608
14156401
14157084
14157994
14159950
14164259
14172309
14188937
14195720
14213633
14221540
14232096
14242820
14272640
14287186
14301186
14304784
14329088
14357056
16791378
16792482
16792778
16799636
16800484
16801100
16803537
16804705
16805257
16817542
16820099
16823704
16829317
16832936
16835504
16848582
16853699
16855792
16862405
16864472
16869608
16877205
16878246
16878731
16880670
16884275
16887978
16893997
16896180
16900249
16915270
16919875
16922984
16926533
16929648
16934232
16942870
16943907
16944397
16947246
16950299
16953650
16958005
16961820
16965929
16975443
16976485
16976974
16978486
16984107
16986202
16991261
16994412
16998513
17576498
17586220
17589273
17598352
17632456
17666182
17697632
17744133
17768515
18101274
18108980
18114601
18123680
18155216
18194563
18222408
18256134
18300997
18364458
18371612
18375217
18386312
18418400
18464901
18483024
18522371
18550854
19436692
19440402
19450124
19468962
19474506
19481737
19535972
19539025
19546913
19962146
19965066
19972772
19993682
19997329
20007009
20058900
20064521
20071500
20448176
20448472
20449640
20451382
20455451
20461072
20463661
20470304
20474888
20480390
20512963
20547200
20557826
20578629
20613888
20631556
20646976
20668417
21271826
21275298
21285153
21303956
21309577
21316689
21371148
21374026
21381732
21534858
21538057
21545617
21566540
21570145
21579940
21631570
21637410
21644564
21758704
21759320
21760424
21762078
21766187
21773320
21774389
21779984
21785120
21791107
21823685
21858944
21880833
21889350
21925120
21934082
21956160
21975044
23074326
23079947
23087653
23114114
23158977
23167664
23220548
23234856
23266392
23593523
23594013
23595054
23597254
23601475
23607810
23609733
23616516
23619073
23626136
23658728
23694344
23711872
23724400
23758352
23781632
23792160
23801920
25467044
25470097
25477908
25498762
25502290
25512012
25563938
25569377
25576713
26252556
26256161
26265737
26284644
26290338
26297492
26351690
26354962
26362449
26477424
26477976
26478824
26480686
26484787
26491424
26492957
26500104
26502672
26509701
26542278
26578048
26595332
26607939
26642176
26664961
26675776
26685442
27269670
27272723
27282445
27316612
27340994
27362456
27418945
27427632
27461736
28312117
28312606
28313643
28315974
28320131
28326914
28328133
28333572
28338689
28344744
28377328
28412448
28434560
28442968
28478472
28487936
28509712
28528704
29367310
29370915
29378069
29417857
29446340
29460648
29503810
29525272
29557360
29622838
29623323
29624365
29626758
29630659
29636098
29638981
29645316
29649921
29655472
29688024
29722128
29732992
29753704
29788704
29806848
29821960
29843520
33568649
33569489
33570145
33576650
33577810
33578402
33580876
33581972
33582308
33594563
33597125
33600744
33606342
33609968
33612504
33625923
33631045
33633112
33639750
33641832
33646960
33654350
33655379
33655909
33657899
33661469
33665137
33671222
33673306
33677420
33692547
33697157
33700272
33703814
33706904
33711528
33719947
33720981
33721510
33724467
33727533
33730713
33735198
33738922
33743028
33752845
33753878
33754403
33755675
33761333
33763625
33768494
33771826
33775900
34354217
34361882
34367540
34376400
34408264
34447429
34475424
34508931
34554118
34879537
34886698
34890268
34901216
34933584
34979910
34998152
35037317
35066115
35140121
35149874
35152940
35161800
35196256
35229763
35261328
35307654
35332357
35951778
35955348
35965028
35984146
35989585
35996746
36051233
36054153
36061964
36214866
36217932
36225674
36246625
36250377
36260130
36311697
36317460
36324516
36438936
36439272
36440432
36442163
36446237
36452880
36454446
36461600
36464136
36470982
36503875
36539456
36556802
36569477
36603520
36626436
36637440
36646913
38049937
38052961
38060626
38081801
38085196
38095124
38146698
38152356
38159650
38835274
38838921
38848674
38867537
38873377
38880356
38934802
38937868
38945428
39060184
39060840
39061936
39063579
39067693
39073288
39075894
39082512
39087136
39092419
39125317
39159360
39170049
39190918
39225984
39243778
39259392
39280644
39852563
39855629
39865382
39899330
39924033
39945320
40001924
40010392
40044848
40108574
40109099
40110133
40112515
40116421
40123393
40124742
40130050
40135172
40141040
40173912
40208912
40230976
40239528
40274976
40284288
40306184
40325376
42505353
42508881
42518676
42537546
42543204
42550540
42604706
42607905
42615570
43030625
43033764
43041356
43062562
43066132
43075666
43127561
43133073
43140234
43516760
43517352
43518192
43520043
43524149
43531296
43532318
43537928
43543056
43548869
43581766
43616832
43638788
43647363
43682944
43692033
43714304
43732994
44047395
44050965
44058126
44097732
44126530
44140656
44183937
44205224
44237592
44565019
44565549
44566582
44568771
44572997
44578305
44581254
44587522
44592132
44597464
44630376
44664328
44675136
44695984
44730896
44748928
44764192
44785920
46142987
46148645
46156310
46182593
46227780
46236248
46289282
46303408
46335272
47186461
47186990
47188019
47190339
47194501
47200769
47202502
47209474
47212036
47218920
47251824
47287328
47304768
47317400
47351304
47374464
47385104
47395072
50599810
50605249
50613060
50639024
50683992
50692630
50745640
50759717
50791435
50862786
50865985
50875780
50909336
50933864
50955277
51011888
51020307
51054630
51118930
51119497
51120356
51122346
51126385
51134748
51150997
51158144
51175952
51183694
51194432
51205128
51234820
51249443
51263520
51267328
51291137
51319298
51387714
51391361
51398340
51437736
51466352
51480611
51523864
51545102
51577365
51643284
51643594
51644769
51646770
51650713
51658860
51675302
51684992
51697696
51707987
51720720
51727424
51745794
51773709
51780352
51799048
51823108
51849217
51905233
51905868
51906978
51908698
51913001
51921076
51937419
51950600
51956352
51970149
51975744
51996704
52011521
52035862
52047104
52056592
52074498
52118532
52442000
52451680
52454600
52463238
52497475
52531250
52562693
52609068
52633625
52953987
52954309
52955462
52957424
52961624
52968512
52969896
52975232
52980480
52985886
53018667
53053954
53075976
53084213
53120004
53129232
53151233
53170208
54539592
54547152
54552992
54561411
54593093
54632489
54660358
54693914
54738996
54788806
54789443
54790533
54792600
54796520
54803072
54804848
54811904
54814272
54820915
54853661
54889473
54906896
54919214
54953474
54976544
54987268
54997000
56623765
56624206
56625443
56627538
56631689
56639716
56656042
56663042
56681088
56688753
56699393
56710208
56739872
56754460
56768768
56772100
56796168
56824336
58734816
58742152
58745680
58756229
58788422
58834972
58853123
58892337
58921002
59769669
59770246
59771075
59773288
59777456
59782912
59785432
59791936
59796608
59801645
59834422
59868676
59879456
59899931
59935233
59953160
59968514
59990032
60818198
60818571
60819557
60821922
60825809
60834124
60850356
60863616
60869124
60883034
60888578
60909632
60924432
60948777
60959745
60969728
60987424
61031432
62915155
62915853
62916774
62918858
62923105
62931348
62947481
62957057
62969984
62980204
62992960
62999556
63017992
63045938
63052290
63071488
63095312
63121440
67122916
67124044
67124628
67131233
67132297
67132625
67135394
67136202
67136850
67149125
67151686
67155312
67160899
67164504
67167080
67180421
67185542
67187624
67194243
67196336
67201432
67208995
67209997
67210518
67212341
67215918
67219740
67225627
67227945
67232050
67246789
67251398
67254488
67258051
67261160
67265776
67274341
67275342
67275859
67278877
67281974
67285100
67289643
67293297
67297370
67307174
67308171
67308693
67310125
67315742
67317940
67322931
67326105
67330218
67909660
67916849
67920426
67931472
67963784
68010243
68028128
68067398
68096133
68432428
68442137
68445234
68454240
68488592
68522245
68553416
68599875
68624518
68695092
68702761
68708378
68717384
68749216
68788486
68816080
68849733
68894851
69507348
69510226
69518114
69538961
69542538
69552393
69604004
69609548
69616737
70292580
70296332
70305866
70325025
70330642
70337698
70391889
70395028
70402697
70517672
70518000
70519128
70520885
70524958
70532112
70533163
70538784
70543880
70549830
70582659
70617856
70639618
70648005
70683712
70692868
70715008
70733825
71865425
71869002
71878930
71897737
71903500
71910689
71964820
71967844
71975586
72390921
72394018
72401505
72422676
72426148
72435857
72487500
72493194
72500306
72876776
72877424
72878488
72880157
72884270
72890888
72892467
72899600
72902176
72909123
72941957
72977664
72994817
73007302
73041472
73064450
73075328
73084932
73407509
73411086
73418275
73457986
73486721
73500952
73543876
73565296
73597608
74449453
74449974
74450971
74453317
74457478
74462724
74465475
74471937
74476546
74482024
74514864
74548768
74559744
74580184
74615304
74633280
74648592
74670208
75797793
75801188
75810897
75830028
75835540
75842834
75896969
75900066
75907658
76060748
76064020
76071689
76092580
76096290
76105866
76157537
76163154
76170385
76284776
76285360
76286168
76288045
76292150
76297760
76300315
76306952
76311568
76316997
76349830
76384000
76394500
76415171
76450368
76468225
76483712
76505090
77600293
77605910
77613579
77640004
77685122
77693736
77746369
77760600
77792432
77857326
77857843
77858845
77861253
77865158
77871620
77873475
77880321
77882882
77889904
77922712
77958160
77975808
77988072
78022176
78045248
78055944
78065792
79698445
79701542
79711251
79745345
79769988
79791408
79847618
79856232
79890584
80216619
80217141
80218142
80220357
80224582
80231428
80232835
80238081
80243202
80249176
80282024
80316936
80339200
80347376
80382992
80392256
80414240
80433280
84155268
84158146
84168001
84201776
84226200
84247571
84303976
84312614
84346893
84417732
84421442
84428673
84467992
84496552
84510734
84553840
84575253
84607523
84673442
84673745
84674892
84676788
84680794
84689193
84705558
84718608
84724480
84738187
84743808
84764680
84779522
84803685
84814912
84824608
84842500
84886529
84940612
84946306
84953793
84980008
85024944
85033509
85086296
85100555
85132310
85197540
85198162
85199241
85201180
85205162
85213297
85229859
85236992
85254688
85262485
85273216
85283856
85313537
85327950
85342216
85345856
85369858
85398020
85459809
85460372
85461194
85463148
85467442
85475481
85491981
85501696
85514248
85524646
85537312
85544064
85562372
85590099
85596736
85615632
85639681
85665794
85996752
86004640
86010184
86018822
86050435
86089754
86117445
86151220
86196265
87032709
87033030
87034179
87036272
87040408
87046912
87048424
87055424
87058048
87064622
87097395
87133186
87150624
87162909
87197188
87220232
87230977
87240720
88095112
88102224
88105696
88116483
88148613
88195121
88213062
88252458
88281116
88605379
88606021
88607110
88608984
88613224
88618560
88621488
88627840
88632576
88637467
88670253
88704513
88715272
88735798
88771074
88789008
88804356
88825888
90178214
90178643
90179853
90182036
90185930
90194273
90210610
90220034
90233088
90243225
90256000
90262529
90280976
90308716
90315268
90334272
90358304
90384392
92287840
92297416
92300688
92309253
92343430
92377132
92408387
92454937
92479538
92537670
92538243
92539077
92541352
92545264
92552320
92553560
92559104
92564032
92569653
92602398
92637700
92659728
92667947
92703745
92712992
92734978
92753928
94372643
94373013
94373966
94376164
94380370
94388617
94404892
94411780
94429952
94437546
94448130
94459008
94488584
94503025
94517312
94520833
94544912
94573088
96469605
96470294
96471179
96473420
96477602
96485585
96502057
96515328
96520705
96534708
96540164
96561280
96576032
96600154
96611330
96621120
96638984
96683024
100932993
100936388
100943682
100982896
101011736
101025813
101068968
101090339
101122574
101193409
101199172
101206914
101232728
101277992
101286411
101339312
101353494
101385253
101450442
101451105
101452180
101453977
101458028
101466418
101482579
101492288
101505040
101515533
101528072
101534976
101553153
101580966
101587584
101606432
101630466
101656580
101718849
101721988
101731522
101765224
101790000
101811238
101867672
101876237
101910547
101974860
101975458
101976273
101978409
101982388
101990490
102006885
102020128
102025792
102039830
102045440
102066192
102081028
102105227
102116480
102126088
102144001
102188034
102237065
102237412
102238546
102240369
102244636
102252714
102269006
102276160
102294024
102301987
102312704
102323232
102352898
102367381
102381584
102385280
102409220
102437377
102775120
102782176
102785928
102796358
102828803
102875178
102893189
102932508
102961201
103023494
103023811
103024965
103027120
103031000
103036544
103039336
103045888
103050304
103055414
103088155
103122434
103133200
103153709
103188996
103206944
103222273
103243784
104870600
104880528
104883552
104891971
104926469
104960025
104991366
105037874
105062444
105906885
105907526
105908611
105910616
105914792
105921792
105922800
105928256
105933440
105938987
105971765
106007041
106029088
106037278
106073090
106082312
106104324
106123280
106955403
106955877
106957078
106959057
106963276
106971554
106987610
107000896
107006466
107020585
107025921
107047168
107061768
107086004
107097092
107106944
107124752
107168800
109065632
109073224
109078736
109087301
109119238
109158452
109186179
109219881
109264922
109577027
109577605
109578438
109580520
109584752
109591104
109592984
109599872
109602560
109608989
109641774
109677572
109694984
109707315
109741569
109764624
109775362
109785120
111149837
111150246
111151187
111153505
111157652
111165642
111181932
111191556
111204416
111214898
111227648
111234050
111252512
111280281
111286785
111305856
111329800
111355920
113246798
113247523
113248405
113250697
113254628
113262930
113279089
113286145
113304128
113312028
113322500
113333504
113362960
113377450
113391744
113395202
113419296
113447432
