980 971 962 953 944 881 872 863 854 773 764 755 665 
0 0 0 0 0 1 6 4 3 7 8 5 6 881 13851 42091034
0 0 0 0 0 1 6 8 0 2 16 2 5 881 13853 42502292
0 0 0 0 0 1 7 3 4 5 10 3 7 881 13853 42041884
0 0 0 0 0 1 8 0 5 4 14 4 4 881 13851 37913642
0 0 0 0 0 1 8 6 2 1 8 7 7 881 13851 42537002
0 0 0 0 0 1 9 2 6 2 7 2 11 881 13853 10684952
0 0 0 0 0 1 10 4 4 0 0 12 9 881 13851 4902930
0 0 0 0 0 2 3 7 2 6 12 2 6 881 13853 11044892
0 0 0 0 0 2 3 8 2 7 5 5 8 881 13851 4360746
0 0 0 0 0 2 4 5 3 6 9 6 5 881 13851 8587802
0 0 0 0 0 2 4 7 3 5 7 3 9 881 13853 8489500
0 0 0 0 0 2 5 2 4 5 13 7 2 881 13853 8964124
0 0 0 0 0 2 5 4 4 4 11 4 6 881 13851 10553882
0 0 0 0 0 2 5 6 4 3 9 1 10 881 13853 8490036
0 0 0 0 0 2 6 3 5 2 13 2 7 881 13902 44050961
0 0 0 0 0 2 6 4 5 3 6 5 9 881 13851 4367402
0 0 0 0 0 3 1 9 2 6 6 6 7 881 13851 8537626
0 0 0 0 0 3 2 6 3 5 10 7 4 881 13853 8440348
0 0 0 0 0 3 2 8 3 4 8 4 8 881 13853 2239516
0 0 0 0 0 3 3 3 4 4 14 8 1 881 13853 579612
0 0 0 0 0 3 3 5 4 3 12 5 5 881 13853 4336684
0 0 0 0 0 3 3 6 4 4 5 8 7 881 13851 2198554
0 0 0 0 0 3 4 4 5 1 14 3 6 881 13853 2137140
0 0 0 0 0 3 4 5 5 2 7 6 8 881 13853 616492
0 0 0 0 0 3 5 4 6 0 9 4 9 881 13853 669748
0 0 0 0 0 4 1 7 4 3 6 9 6 881 13851 2173466
0 0 0 0 1 1 8 4 0 2 12 6 6 881 13851 46268954
0 0 0 0 1 1 8 8 0 0 8 0 14 881 13853 12683800
0 0 0 0 1 1 9 4 1 1 7 7 9 881 13853 12748312
0 0 0 0 1 2 5 3 2 6 8 6 7 881 13853 10521116
0 0 0 0 1 2 6 2 3 4 10 4 8 881 13851 12716570
0 0 0 0 1 3 3 4 2 5 9 7 6 881 13853 8473628
0 0 0 0 1 4 0 6 1 6 8 10 4 881 13853 4279348
0 0 0 0 2 1 10 2 0 1 6 7 11 881 13851 44106794
0 0 0 0 2 2 8 0 0 0 16 8 4 881 13851 44564650
0 0 0 1 0 1 9 1 4 3 6 4 11 881 13851 44041386
0 0 0 1 0 2 5 3 2 5 10 6 6 881 13853 8490012
0 0 0 1 0 2 5 5 2 4 8 3 10 881 13851 8586778
0 0 0 1 0 2 6 2 3 3 12 4 7 881 13853 35815964
0 0 0 1 0 2 8 1 5 0 9 3 11 881 13851 33641514
0 0 0 1 0 3 2 5 1 6 9 9 4 881 13851 44565018
0 0 0 1 0 3 3 4 2 4 11 7 5 881 13853 2262556
0 0 0 1 0 3 3 6 2 3 9 4 9 881 13851 4359706
0 0 0 1 1 2 6 3 1 4 7 3 12 881 13851 4360730
0 0 1 0 0 1 6 5 2 5 7 3 10 881 13853 46203420
0 0 1 0 0 1 7 2 3 4 11 4 7 881 13853 34168876
0 0 1 0 0 1 9 1 5 1 8 3 11 881 13851 41948330
0 0 1 0 0 2 4 2 2 6 12 10 1 881 13853 42550284
0 0 1 0 0 2 4 4 2 5 10 7 5 881 13851 2638506
0 0 1 0 0 2 5 3 3 3 12 5 6 881 13853 2626740
0 0 1 0 0 2 5 4 3 4 5 8 8 881 13851 4361242
0 0 1 0 0 3 0 9 0 7 5 9 6 881 13851 6850586
0 0 1 0 0 3 2 5 2 4 11 8 4 881 13853 33677356
0 0 1 0 0 3 2 7 2 3 9 5 8 881 13851 8602650
0 0 1 0 0 3 3 4 3 2 13 6 5 881 13851 6327322
0 0 1 0 0 3 3 5 3 3 6 9 7 881 13853 4265500
0 0 1 0 0 3 3 6 3 1 11 3 9 881 13853 33742900
0 0 1 0 0 4 0 6 2 3 12 9 3 881 13851 4234266
0 0 1 1 0 1 9 0 3 2 7 5 11 881 13853 10585624
0 0 1 2 0 1 8 3 0 2 7 0 16 881 13851 10552490
0 0 2 0 0 2 3 6 0 5 7 7 8 881 13853 4392476
0 0 2 0 0 2 5 3 2 3 6 9 8 881 13853 12651564
0 1 0 0 0 0 7 5 1 4 10 7 5 971 276138 2172939
0 1 0 0 0 1 3 6 2 8 9 3 7 881 13851 4229802
0 1 0 0 0 1 4 5 3 6 11 1 8 881 13853 8948764
0 1 0 0 0 1 5 3 4 6 8 5 7 881 13853 8424628
0 1 0 0 0 1 5 7 1 1 16 2 6 881 13902 11011633
0 1 0 0 0 1 6 5 2 1 13 6 5 881 13853 39977500
0 1 0 0 0 2 2 6 3 5 12 2 7 881 13853 564252
0 1 0 0 0 2 3 6 4 4 7 3 10 881 13853 13173804
0 1 0 0 0 2 4 1 5 4 13 7 3 881 13851 4205226
0 1 0 0 0 2 4 3 5 3 11 4 7 881 13851 576026
0 1 0 0 0 2 5 3 6 2 6 5 10 881 13853 4401196
0 1 0 0 0 3 2 4 5 2 12 5 6 881 13853 4332060
0 1 0 0 1 1 8 3 2 0 7 7 10 881 13851 33576106
0 1 0 0 1 2 4 4 3 4 6 3 12 881 13853 4393516
0 1 0 1 0 2 3 5 2 5 6 5 10 881 13851 4753946
0 1 0 1 0 2 4 2 3 4 10 6 7 881 13853 4393500
0 1 0 1 0 3 2 5 3 2 9 4 10 881 13853 4270636
0 1 1 0 0 1 4 4 2 5 12 2 8 881 13851 592554
0 1 1 0 0 1 5 2 3 5 9 6 7 881 13853 4787244
0 1 1 0 0 2 3 5 3 3 8 4 10 881 13853 4395548
0 1 2 0 0 2 5 1 4 0 8 7 10 881 13902 11023873
0 2 0 0 0 0 3 5 2 10 6 4 8 971 276138 90139
0 2 0 0 0 0 5 6 1 3 13 3 7 971 276138 148507
0 2 0 0 0 0 6 4 2 3 10 7 6 971 276138 140315
0 2 0 0 0 1 2 5 3 7 9 3 8 881 13851 2656794
0 2 0 0 0 1 5 4 3 0 13 6 6 881 13853 531636
0 2 0 0 0 2 2 3 5 4 9 6 7 881 13853 543924
0 3 1 0 0 0 3 3 3 7 2 6 12 971 276138 11291
0 3 1 0 0 0 6 2 3 0 6 9 10 971 276138 7195
1 0 0 0 0 0 4 2 4 10 8 10 1 980 276138 269204
1 0 0 0 0 0 6 0 6 6 12 6 3 980 276138 268980
1 0 0 0 0 1 0 8 2 10 8 6 4 881 13851 166570
1 0 0 0 0 1 2 6 4 6 12 2 6 881 13851 11012634
1 0 0 0 0 1 4 4 6 5 4 7 8 881 13851 13109786
1 0 0 0 0 1 5 0 7 3 15 5 3 881 13851 8931866
1 0 0 0 0 1 8 0 10 0 0 8 12 881 13851 87210
1 0 0 0 0 2 0 10 4 5 4 3 11 881 13851 6818330
1 0 0 0 0 2 2 2 6 4 14 8 1 881 13851 2632218
1 0 0 0 0 2 3 4 7 2 7 6 8 881 13851 2197018
1 0 0 0 0 3 0 6 6 3 6 9 6 881 13851 2139674
