97 26 6 88
45 41 23
45 40 24
45 39 25
45 38 26
45 37 27
45 36 28
45 35 29
45 34 30
45 33 31
45 32 32
44 42 23
44 41 24
44 40 25
44 39 26
44 38 27
44 37 28
44 36 29
44 35 30
44 34 31
44 33 32
43 43 23
43 42 24
43 41 25
43 40 26
43 39 27
43 38 28
43 37 29
43 36 30
43 35 31
43 34 32
43 33 33
45 38 25
45 37 26
45 36 27
45 35 28
45 34 29
45 33 30
45 32 31
44 40 24
44 39 25
44 38 26
44 37 27
44 36 28
44 35 29
44 34 30
44 33 31
44 32 32
43 40 25
43 39 26
43 38 27
43 37 28
43 36 29
43 35 30
43 34 31
43 33 32
45 35 27
45 34 28
45 33 29
45 32 30
44 38 25
44 37 26
44 36 27
44 35 28
44 34 29
44 33 30
44 32 31
43 35 29
45 33 28
42 35 32
42 42 25
42 36 31
42 41 26
42 40 27
42 39 28
42 38 29
42 37 30
42 34 33
43 42 23
43 41 24
42 42 24
42 40 26
42 38 28
42 37 29
42 34 32
43 38 26
43 37 27
43 36 28
43 34 30
43 33 31
43 32 32
42 41 25
42 39 27
42 35 31
42 33 33
44 41 23
42 36 30
45 39 24
45 45 7
45 43 15
44 44 15
45 42 20
44 43 22
41 41 27
41 40 28
41 39 29
41 38 30
41 37 31
41 36 32
41 35 33
41 34 34
45 40 23
44 42 22
45 31 31
44 39 24
43 39 25
42 42 23
42 38 27
42 37 28
42 34 31
42 33 32
44 34 28
45 36 26
42 35 30
106 -3591640984 79
36 35 35 -9983147
36 36 34 -9990785
37 35 34 -10000000
37 36 33 -10000000
37 37 32 -10000000
38 34 34 -10000000
38 35 33 -10000000
38 36 32 -9968579
38 37 31 -10000000
38 38 30 -9839416
39 34 33 -10000000
39 35 32 -10000000
39 36 31 -9878915
39 37 30 -9826407
39 38 29 -9720417
39 39 28 -9680528
40 33 33 -10000000
40 34 32 -9973634
40 35 31 -9783564
40 36 30 -9742135
40 37 29 -9667163
40 38 28 -9663587
40 39 27 -9613310
40 40 26 -9582415
41 33 32 -9727037
41 34 31 -9581588
41 35 30 -9546357
41 36 29 -9541747
41 37 28 -9549502
41 38 27 -9590733
41 39 26 -9574631
41 40 25 -9580702
41 41 24 -9599913
42 32 32 -9453950
42 33 31 -9347118
42 34 30 -9323995
42 35 29 -9341420
42 36 28 -9355491
42 37 27 -9393613
42 38 26 -9558163
42 39 25 -9523458
42 40 24 -9569002
42 41 23 -9642062
42 42 22 -9724727
43 32 31 -9020433
43 33 30 -9000511
43 34 29 -9078628
43 35 28 -9081546
43 36 27 -9162434
43 37 26 -9473305
43 38 25 -9520897
43 39 24 -9566410
43 40 23 -9571209
43 41 22 -9700595
43 42 21 -9839138
43 43 20 -9897087
44 31 31 -8734924
44 32 30 -8675615
44 33 29 -8709989
44 35 27 -8996391
44 36 26 -9222233
44 37 25 -9378232
44 38 24 -9465191
44 39 23 -9537124
44 40 22 -9629436
44 41 21 -9792097
44 42 20 -9890680
44 43 19 -10000000
45 31 30 -8249935
45 32 29 -8277881
45 34 27 -8582204
45 35 26 -8885840
45 36 25 -9063418
45 37 24 -9240341
45 38 23 -9376513
45 39 22 -9505071
45 40 21 -9585916
45 41 20 -9744454
45 42 19 -9948755
107 -321639387 47
36 36 35 -872319
37 35 35 -873685
37 36 34 -874949
37 37 33 -878403
38 35 34 -877619
38 36 33 -879578
38 37 32 -882624
38 38 31 -884836
39 34 34 -882328
39 35 33 -882919
39 36 32 -884457
39 37 31 -880702
39 38 30 -880029
39 39 29 -877301
40 34 33 -877615
40 35 32 -877374
40 36 31 -867856
40 37 30 -864201
40 38 29 -868848
40 39 28 -864582
40 40 27 -872844
41 33 33 -861724
41 34 32 -857376
41 35 31 -855432
41 36 30 -850301
41 37 29 -852247
41 38 28 -859767
41 39 27 -868204
41 40 26 -876348
41 41 25 -889029
42 36 29 -831014
42 39 26 -869539
42 40 25 -884036
42 41 24 -898873
43 40 24 -892915
43 41 23 -912581
43 42 22 -940850
43 43 21 -970175
44 40 23 -906743
44 41 22 -928116
44 42 21 -964755
44 43 20 -1000000
45 37 25 -835484
45 38 24 -861397
45 39 23 -887879
45 40 22 -922117
45 41 21 -946624
107 -345314329 47
36 36 35 -948187
37 35 35 -949198
37 36 34 -949981
37 37 33 -952135
38 35 34 -951875
38 36 33 -953038
38 37 32 -954642
38 38 31 -950933
39 34 34 -955225
39 35 33 -955478
39 36 32 -954493
39 37 31 -947505
39 38 30 -945866
39 39 29 -947251
40 34 33 -943707
40 35 32 -944109
40 36 31 -937088
40 37 30 -934005
40 38 29 -937070
40 39 28 -936480
40 40 27 -937393
41 33 33 -931256
41 34 32 -927762
41 35 31 -926801
41 36 30 -926036
41 37 29 -928271
41 38 28 -930175
41 39 27 -934028
41 40 26 -938362
41 41 25 -941813
42 36 29 -914077
42 39 26 -932580
42 40 25 -938276
42 41 24 -945843
43 40 24 -940583
43 41 23 -950671
43 42 22 -964162
43 43 21 -983881
44 40 23 -946895
44 41 22 -956607
44 42 21 -976037
44 43 20 -1000000
45 37 25 -895335
45 38 24 -917852
45 39 23 -939843
45 40 22 -950482
45 41 21 -958483
106 -33592598595 79
36 35 35 -92355348
36 36 34 -92508910
37 35 34 -92620488
37 36 33 -92706756
37 37 32 -92293893
38 34 34 -92736938
38 35 33 -93086625
38 36 32 -92261603
38 37 31 -92267242
38 38 30 -91544330
39 34 33 -92878474
39 35 32 -92321477
39 36 31 -91828219
39 37 30 -92334597
39 38 29 -91100769
39 39 28 -90797679
40 33 33 -90472345
40 34 32 -91091574
40 35 31 -91463768
40 36 30 -90463738
40 37 29 -90083529
40 38 28 -90428964
40 39 27 -90551996
40 40 26 -90761402
41 33 32 -89382065
41 34 31 -89132330
41 35 30 -88848744
41 36 29 -88835414
41 37 28 -89284745
41 38 27 -89741734
41 39 26 -90400977
41 40 25 -91179655
41 41 24 -92198595
42 32 32 -86856255
42 33 31 -87395204
42 34 30 -87178352
42 35 29 -87233195
42 36 28 -87499679
42 37 27 -88343584
42 38 26 -89343531
42 39 25 -90460697
42 40 24 -91666052
42 41 23 -93078970
42 42 22 -94571645
43 32 31 -84296724
43 33 30 -84468141
43 34 29 -85019866
43 35 28 -85137238
43 36 27 -86189014
43 37 26 -87139663
43 38 25 -88432727
43 39 24 -90258558
43 40 23 -92048441
43 41 22 -94072959
43 42 21 -96299112
43 43 20 -98182222
44 31 31 -81256845
44 32 30 -81726283
44 33 29 -82156858
44 35 27 -83144003
44 36 26 -84406642
44 37 25 -85871220
44 38 24 -87757378
44 39 23 -89997608
44 40 22 -92603479
44 41 21 -95399127
44 42 20 -97923823
44 43 19 -100000000
45 31 30 -77622598
45 32 29 -78056738
45 34 27 -79291034
45 35 26 -80682168
45 36 25 -82143051
45 37 24 -89058692
45 38 23 -91578462
45 39 22 -93829642
45 40 21 -95466281
45 41 20 -96583419
45 42 19 -99131095
107 -32290411632 47
36 36 35 -87236481
37 35 35 -87434540
37 36 34 -87608167
37 37 33 -88131656
38 35 34 -88029983
38 36 33 -88330645
38 37 32 -88963934
38 38 31 -89023639
39 34 34 -88852722
39 35 33 -88980030
39 36 32 -89378540
39 37 31 -88216102
39 38 30 -88277705
39 39 29 -87400982
40 34 33 -88807640
40 35 32 -88083487
40 36 31 -87808692
40 37 30 -87327083
40 38 29 -87342933
40 39 28 -87528827
40 40 27 -87833382
41 33 33 -88353531
41 34 32 -87300825
41 35 31 -86671224
41 36 30 -85828815
41 37 29 -86491539
41 38 28 -87064643
41 39 27 -87739000
41 40 26 -88640308
41 41 25 -89724729
42 36 29 -84506245
42 39 26 -88370378
42 40 25 -89706225
42 41 24 -91088543
43 40 24 -89950086
43 41 23 -92687989
43 42 22 -94765922
43 43 21 -97490956
44 40 23 -89984231
44 41 22 -94392113
44 42 21 -97031790
44 43 20 -100000000
45 37 25 -84497218
45 38 24 -87235977
45 39 23 -87058652
45 40 22 -91291425
45 41 21 -95381210
108 18044648 30
36 36 36 58824
37 36 35 58300
37 37 34 57239
38 35 35 57262
38 36 34 56726
38 37 33 55262
38 38 32 53121
39 35 34 55332
39 36 33 54393
39 37 32 52793
39 38 31 50778
39 39 30 48903
40 34 34 53428
40 35 33 53082
40 36 32 52021
40 37 31 50559
40 38 30 51247
40 39 29 54313
40 40 28 53951
41 34 33 53524
41 35 32 52847
41 36 31 55051
41 37 30 57247
41 38 29 62215
41 39 28 62654
41 40 27 58541
41 41 26 52450
43 43 22 12621
44 43 21 0
45 41 22 22716
111 108 56 0 -1 -1 -1 0 4 0 7
112 112 29
112 111 35
112 110 45
111 111 45
247 2032 -108 1025 -83 -542 -2
57685742 20997341478 268610
110 109 56 0 -1 -1 -1 0 4 0 7
112 112 29
112 111 35
112 110 45
111 111 45
388 21923 -622 -1648 -50 -1131 -1
134488263 48953567491 160241
109 109 57 0 -1 -1 -1 0 4 0 7
112 112 29
112 111 35
112 110 45
111 111 45
532 3485 -179 1767 -179 -1427 1
122185670 44467011192 8572688
112 105 58 0 -1 -1 -1 0 4 0 7
112 112 29
112 111 35
112 110 45
111 111 45
223 -37069 803 -19865 465 -475 10
-115998619 -42224722437 1225121
111 106 58 0 -1 -1 -1 0 4 0 7
112 112 29
112 111 35
112 110 45
111 111 45
3140 230212 -6438 -266187 6159 -8485 100
599606906 218255081730 1832054
112 104 59 0 -1 -1 -1 0 4 0 7
112 112 29
112 111 35
112 110 45
111 111 45
18 -3683 82 -1834 43 -13 -1
-11849300 -4313227086 81886
111 105 59 0 -1 -1 -1 0 4 0 7
112 112 29
112 111 35
112 110 45
111 111 45
134 8667 -241 -13385 313 54 -20
18243714 6640560162 151734
112 103 60 0 -1 -1 -1 0 4 0 7
112 112 29
112 111 35
112 110 45
111 111 45
327 -79726 1804 -36996 879 -1856 50
-261053941 -95026585383 2950859
111 104 60 0 -1 -1 -1 0 4 0 7
112 112 29
112 111 35
112 110 45
111 111 45
160 7513 -211 -18907 446 -279 -10
7110610 2587476888 785152
112 102 61 0 -1 -1 -1 0 4 0 7
112 112 29
112 111 35
112 110 45
111 111 45
30 -7474 169 -3241 77 -181 5
-23877644 -8691531165 68749
111 103 61 0 -1 -1 -1 0 4 0 7
112 112 29
112 111 35
112 110 45
111 111 45
195 9027 -253 -22338 529 -626 -1
11222046 4084104312 720432
111 102 62 0 -1 -1 -1 0 4 0 7
112 112 29
112 111 35
112 110 45
111 111 45
789 39170 -1088 -87003 2069 -2344 -10
66879865 24343223895 1046965
112 108 55 1 1 0 -1 0 16 4 11
112 112 29
112 111 35
112 110 45
111 111 45
111 108 56
110 109 56
109 109 57
112 105 58
111 106 58
112 104 59
111 105 59
112 103 60
111 104 60
112 102 61
111 103 61
111 102 62
0 -1
0 -2
0 -3
1 5
16 -1667 2 -1745 33 -148 5 -241273 -241273 -241273 1
-8614523 -3135691623 5251
112 108 55 1 1 1 -1 0 16 6 13
112 112 29
112 111 35
112 110 45
111 111 45
111 108 56
110 109 56
109 109 57
112 105 58
111 106 58
112 104 59
111 105 59
112 103 60
111 104 60
112 102 61
111 103 61
111 102 62
0 -1
0 -2
0 -3
1 -1
1 -2
1 -3
34 -680 -6 -463 5 11 -6 -98350 -98350 -98350 15830 -13675 415
2797360 1017846113 392927
111 109 55 1 1 1 -1 0 16 6 13
112 112 29
112 111 35
112 110 45
111 111 45
111 108 56
110 109 56
109 109 57
112 105 58
111 106 58
112 104 59
111 105 59
112 103 60
111 104 60
112 102 61
111 103 61
111 102 62
0 -1
0 -2
0 -3
1 -1
1 -2
1 -3
58 -740 -25 -885 9 -81 -5 -172054 -56376 5797 1871 -23381 756
5387257 1960455454 506094
110 110 55 1 1 1 -1 0 16 6 13
112 112 29
112 111 35
112 110 45
111 111 45
111 108 56
110 109 56
109 109 57
112 105 58
111 106 58
112 104 59
111 105 59
112 103 60
111 104 60
112 102 61
111 103 61
111 102 62
0 -1
0 -2
0 -3
1 -1
1 -2
1 -3
34 -454 -1 -569 4 -19 -5 -5071 -19219 1335 -17006 -16584 815
3519641 1280987807 161517
112 107 56 1 1 0 -1 0 16 6 13
112 112 29
112 111 35
112 110 45
111 111 45
111 108 56
110 109 56
109 109 57
112 105 58
111 106 58
112 104 59
111 105 59
112 103 60
111 104 60
112 102 61
111 103 61
111 102 62
0 -1
0 -2
0 -3
1 1
1 2
1 4
100 -6154 -4 -5787 118 -997 35 -890419 -890419 -890419 1 0 0
-21956215 -7992717904 655644
112 107 56 1 1 1 -1 0 16 6 13
112 112 29
112 111 35
112 110 45
111 111 45
111 108 56
110 109 56
109 109 57
112 105 58
111 106 58
112 104 59
111 105 59
112 103 60
111 104 60
112 102 61
111 103 61
111 102 62
0 -1
0 -2
0 -3
1 -1
1 -2
1 -3
15 -279 -2 -175 -1 19 -3 -40330 -40330 -40330 -4010 -8317 526
1375145 500191053 361727
112 106 57 1 -1 -1 -1 0 16 0 7
112 112 29
112 111 35
112 110 45
111 111 45
111 108 56
110 109 56
109 109 57
112 105 58
111 106 58
112 104 59
111 105 59
112 103 60
111 104 60
112 102 61
111 103 61
111 102 62
90 -13048 281 -7549 176 110 -20
-40149653 -14614801299 327607
111 107 57 1 -1 -1 -1 0 16 0 7
112 112 29
112 111 35
112 110 45
111 111 45
111 108 56
110 109 56
109 109 57
112 105 58
111 106 58
112 104 59
111 105 59
112 103 60
111 104 60
112 102 61
111 103 61
111 102 62
42 2230 -63 -5377 125 -27 -2
553842 201432771 165717
110 108 57 1 -1 -1 -1 0 16 0 7
112 112 29
112 111 35
112 110 45
111 111 45
111 108 56
110 109 56
109 109 57
112 105 58
111 106 58
112 104 59
111 105 59
112 103 60
111 104 60
112 102 61
111 103 61
111 102 62
522 1514 -183 -3091 1 -3316 67
99812008 36326614644 4956268
110 107 58 1 -1 -1 -1 0 16 0 7
112 112 29
112 111 35
112 110 45
111 111 45
111 108 56
110 109 56
109 109 57
112 105 58
111 106 58
112 104 59
111 105 59
112 103 60
111 104 60
112 102 61
111 103 61
111 102 62
835 58408 -1655 -54109 1223 -3033 1
189600137 69010357987 4091881
109 108 58 1 -1 -1 -1 0 16 0 7
112 112 29
112 111 35
112 110 45
111 111 45
111 108 56
110 109 56
109 109 57
112 105 58
111 106 58
112 104 59
111 105 59
112 103 60
111 104 60
112 102 61
111 103 61
111 102 62
101 37 -31 728 -28 -810 3
22284194 8111245770 200846
110 106 59 1 -1 -1 -1 0 16 0 7
112 112 29
112 111 35
112 110 45
111 111 45
111 108 56
110 109 56
109 109 57
112 105 58
111 106 58
112 104 59
111 105 59
112 103 60
111 104 60
112 102 61
111 103 61
111 102 62
278 16522 -469 -26692 618 -831 -10
33519474 12201033077 55459
109 107 59 1 1 0 -1 0 16 6 13
112 112 29
112 111 35
112 110 45
111 111 45
111 108 56
110 109 56
109 109 57
112 105 58
111 106 58
112 104 59
111 105 59
112 103 60
111 104 60
112 102 61
111 103 61
111 102 62
0 -1
0 -2
0 -3
1 1
1 2
1 4
95096 -1291095 15157 -1631199 21953 -635325 1868 80635892 -27503849 2119335 327 0 1
11107924154 4041661751349 1622640707
109 107 59 1 1 1 -1 0 16 6 13
112 112 29
112 111 35
112 110 45
111 111 45
111 108 56
110 109 56
109 109 57
112 105 58
111 106 58
112 104 59
111 105 59
112 103 60
111 104 60
112 102 61
111 103 61
111 102 62
0 -1
0 -2
0 -3
1 -1
1 -2
1 -3
13 -150 2 -126 -3 -5 -2 5706 -1912 127 -19376 -5948 644
1846123 671901147 87625
108 108 59 1 0 0 -1 0 16 2 9
112 112 29
112 111 35
112 110 45
111 111 45
111 108 56
110 109 56
109 109 57
112 105 58
111 106 58
112 104 59
111 105 59
112 103 60
111 104 60
112 102 61
111 103 61
111 102 62
0 5
1 5
71 -834 -8 -951 -5 -51 -23 2 2
8740613 3181317260 265872
108 108 59 1 0 1 -1 0 16 4 11
112 112 29
112 111 35
112 110 45
111 111 45
111 108 56
110 109 56
109 109 57
112 105 58
111 106 58
112 104 59
111 105 59
112 103 60
111 104 60
112 102 61
111 103 61
111 102 62
1 -1
1 -2
1 -3
0 5
73 -1226 4 -799 -19 -29 -23 -113375 -41823 4812 2
8095336 2944795398 1906906
108 108 59 1 1 0 -1 0 16 4 11
112 112 29
112 111 35
112 110 45
111 111 45
111 108 56
110 109 56
109 109 57
112 105 58
111 106 58
112 104 59
111 105 59
112 103 60
111 104 60
112 102 61
111 103 61
111 102 62
0 -1
0 -2
0 -3
1 5
73 -799 -19 -1226 4 -29 -23 -113375 -41823 4812 2
8095336 2944795398 1906906
108 108 59 1 1 1 -1 0 16 6 13
112 112 29
112 111 35
112 110 45
111 111 45
111 108 56
110 109 56
109 109 57
112 105 58
111 106 58
112 104 59
111 105 59
112 103 60
111 104 60
112 102 61
111 103 61
111 102 62
0 -1
0 -2
0 -3
1 -1
1 -2
1 -3
27 -301 -1 -301 -3 -7 -6 -14127 -8963 1102 -22171 -10518 995
3618926 1316206983 1082081
110 105 60 1 -1 -1 -1 0 16 0 7
112 112 29
112 111 35
112 110 45
111 111 45
111 108 56
110 109 56
109 109 57
112 105 58
111 106 58
112 104 59
111 105 59
112 103 60
111 104 60
112 102 61
111 103 61
111 102 62
201 10926 -308 -13129 303 -5796 200
34701136 12629991150 1222354
109 106 60 1 1 0 -1 0 16 5 12
112 112 29
112 111 35
112 110 45
111 111 45
111 108 56
110 109 56
109 109 57
112 105 58
111 106 58
112 104 59
111 105 59
112 103 60
111 104 60
112 102 61
111 103 61
111 102 62
0 -1
0 -2
0 -3
1 0
1 3
18976 -324702 6019 -366765 5945 -190910 3499 17492443 -795236 266233 3 1
1953542929 710861135438 228490718
109 106 60 1 1 1 -1 0 16 6 13
112 112 29
112 111 35
112 110 45
111 111 45
111 108 56
110 109 56
109 109 57
112 105 58
111 106 58
112 104 59
111 105 59
112 103 60
111 104 60
112 102 61
111 103 61
111 102 62
0 -1
0 -2
0 -3
1 -1
1 -2
1 -3
115 -1267 23 -985 -23 -745 -1 94902 -9738 920 -153357 -34910 4574
17071672 6208153317 5935291
108 107 60 1 0 1 -1 0 16 4 11
112 112 29
112 111 35
112 110 45
111 111 45
111 108 56
110 109 56
109 109 57
112 105 58
111 106 58
112 104 59
111 105 59
112 103 60
111 104 60
112 102 61
111 103 61
111 102 62
1 -1
1 -2
1 -3
0 5
71 3 -17 -664 -16 -211 -20 -64732 -29767 3633 1
12024763 4376072369 941363
108 107 60 1 1 0 -1 0 16 6 13
112 112 29
112 111 35
112 110 45
111 111 45
111 108 56
110 109 56
109 109 57
112 105 58
111 106 58
112 104 59
111 105 59
112 103 60
111 104 60
112 102 61
111 103 61
111 102 62
0 -1
0 -2
0 -3
1 1
1 2
1 4
112 -1781 6 -2457 28 -991 14 -45405 -45743 5322 1 0 0
9198297 3348015512 164596
108 107 60 1 1 1 -1 0 16 6 13
112 112 29
112 111 35
112 110 45
111 111 45
111 108 56
110 109 56
109 109 57
112 105 58
111 106 58
112 104 59
111 105 59
112 103 60
111 104 60
112 102 61
111 103 61
111 102 62
0 -1
0 -2
0 -3
1 -1
1 -2
1 -3
51 -514 4 -472 -1 -286 -1 15158 -10300 1112 -17740 -7421 1223
7780698 2831041750 1132322
110 104 61 1 -1 -1 -1 0 16 0 7
112 112 29
112 111 35
112 110 45
111 111 45
111 108 56
110 109 56
109 109 57
112 105 58
111 106 58
112 104 59
111 105 59
112 103 60
111 104 60
112 102 61
111 103 61
111 102 62
100 4296 -122 -5835 136 -3784 131
15606074 5680420534 190402
109 105 61 1 -1 -1 -1 0 16 0 7
112 112 29
112 111 35
112 110 45
111 111 45
111 108 56
110 109 56
109 109 57
112 105 58
111 106 58
112 104 59
111 105 59
112 103 60
111 104 60
112 102 61
111 103 61
111 102 62
5 283 -8 -348 8 -149 5
821965 299186607 8653
108 106 61 1 0 1 -1 0 16 4 11
112 112 29
112 111 35
112 110 45
111 111 45
111 108 56
110 109 56
109 109 57
112 105 58
111 106 58
112 104 59
111 105 59
112 103 60
111 104 60
112 102 61
111 103 61
111 102 62
1 -1
1 -2
1 -3
0 5
68 49 -18 -593 -14 -335 -17 -56764 -25247 3076 1
11850957 4313000109 748239
108 106 61 1 1 0 -1 0 16 5 12
112 112 29
112 111 35
112 110 45
111 111 45
111 108 56
110 109 56
109 109 57
112 105 58
111 106 58
112 104 59
111 105 59
112 103 60
111 104 60
112 102 61
111 103 61
111 102 62
0 -1
0 -2
0 -3
1 0
1 3
18178 -539233 -1334 -665177 13076 -299926 9115 -57339603 -14628496 2307312 4 1
-263136222 -95957059170 175474362
108 106 61 1 1 1 -1 0 16 6 13
112 112 29
112 111 35
112 110 45
111 111 45
111 108 56
110 109 56
109 109 57
112 105 58
111 106 58
112 104 59
111 105 59
112 103 60
111 104 60
112 102 61
111 103 61
111 102 62
0 -1
0 -2
0 -3
1 -1
1 -2
1 -3
11 -104 2 -88 -2 -58 -1 9778 -926 65 -11747 -3076 427
1751495 637520410 23770
107 107 61 1 0 1 -1 0 16 6 13
112 112 29
112 111 35
112 110 45
111 111 45
111 108 56
110 109 56
109 109 57
112 105 58
111 106 58
112 104 59
111 105 59
112 103 60
111 104 60
112 102 61
111 103 61
111 102 62
1 -1
1 -2
1 -3
0 1
0 2
0 4
56467 -1213140 14148 -808514 -15276 -489037 6048 -103052850 -38409113 3666118 366 0 1
4429631558 1611949876482 436010630
107 107 61 1 1 0 -1 0 16 6 13
112 112 29
112 111 35
112 110 45
111 111 45
111 108 56
110 109 56
109 109 57
112 105 58
111 106 58
112 104 59
111 105 59
112 103 60
111 104 60
112 102 61
111 103 61
111 102 62
0 -1
0 -2
0 -3
1 1
1 2
1 4
56467 -808514 -15276 -1213140 14148 -489037 6048 -103052850 -38409113 3666118 366 0 1
4429631558 1611949876482 436010630
107 107 61 1 1 1 -1 0 16 6 13
112 112 29
112 111 35
112 110 45
111 111 45
111 108 56
110 109 56
109 109 57
112 105 58
111 106 58
112 104 59
111 105 59
112 103 60
111 104 60
112 102 61
111 103 61
111 102 62
0 -1
0 -2
0 -3
1 -1
1 -2
1 -3
380 -3344 -1 -3344 18 -2023 -32 -28970 -44793 10332 67514 -26373 5470
60987036 22182863085 16418019
110 103 62 1 -1 -1 -1 0 16 0 7
112 112 29
112 111 35
112 110 45
111 111 45
111 108 56
110 109 56
109 109 57
112 105 58
111 106 58
112 104 59
111 105 59
112 103 60
111 104 60
112 102 61
111 103 61
111 102 62
100 3801 -108 -5120 120 -4369 151
15901259 5787395788 662488
109 104 62 1 -1 -1 -1 0 16 0 7
112 112 29
112 111 35
112 110 45
111 111 45
111 108 56
110 109 56
109 109 57
112 105 58
111 106 58
112 104 59
111 105 59
112 103 60
111 104 60
112 102 61
111 103 61
111 102 62
20 877 -25 -1144 26 -773 26
3157537 1149139679 203789
108 105 62 1 0 0 -1 0 16 1 8
112 112 29
112 111 35
112 110 45
111 111 45
111 108 56
110 109 56
109 109 57
112 105 58
111 106 58
112 104 59
111 105 59
112 103 60
111 104 60
112 102 61
111 103 61
111 102 62
0 5
860 -6142 -121 -87397 2052 -14985 296 20
-76588932 -27878754989 383741
108 105 62 1 0 1 -1 0 16 4 11
112 112 29
112 111 35
112 110 45
111 111 45
111 108 56
110 109 56
109 109 57
112 105 58
111 106 58
112 104 59
111 105 59
112 103 60
111 104 60
112 102 61
111 103 61
111 102 62
1 -1
1 -2
1 -3
0 5
56 201 -22 -456 -11 -322 -10 -40831 -15508 2936 1
10301073 3748667732 922840
108 105 62 1 1 0 -1 0 16 3 10
112 112 29
112 111 35
112 110 45
111 111 45
111 108 56
110 109 56
109 109 57
112 105 58
111 106 58
112 104 59
111 105 59
112 103 60
111 104 60
112 102 61
111 103 61
111 102 62
0 -1
0 -2
0 -3
282 -5648 -1 -19307 447 -9542 320 -457749 -97710 22732
-17043491 -6209224858 5394134
108 105 62 1 1 1 -1 0 16 6 13
112 112 29
112 111 35
112 110 45
111 111 45
111 108 56
110 109 56
109 109 57
112 105 58
111 106 58
112 104 59
111 105 59
112 103 60
111 104 60
112 102 61
111 103 61
111 102 62
0 -1
0 -2
0 -3
1 -1
1 -2
1 -3
27 -266 2 -209 -5 -148 -4 8719 -5288 704 -25991 -6945 1197
4186070 1522574125 1155355
107 106 62 1 0 1 -1 0 16 6 13
112 112 29
112 111 35
112 110 45
111 111 45
111 108 56
110 109 56
109 109 57
112 105 58
111 106 58
112 104 59
111 105 59
112 103 60
111 104 60
112 102 61
111 103 61
111 102 62
1 -1
1 -2
1 -3
0 1
0 2
0 4
22265 -808127 13952 -497162 -5148 -325154 8033 -60707741 -15431226 1905819 73 0 1
189521195 68656338202 329376778
107 106 62 1 1 0 -1 0 16 5 12
112 112 29
112 111 35
112 110 45
111 111 45
111 108 56
110 109 56
109 109 57
112 105 58
111 106 58
112 104 59
111 105 59
112 103 60
111 104 60
112 102 61
111 103 61
111 102 62
0 -1
0 -2
0 -3
1 0
1 3
16739 -633297 -2713 -619125 12467 -382331 12381 -76549561 -16801011 2168016 0 1
-850619980 -309844462104 218789384
107 106 62 1 1 1 -1 0 16 6 13
112 112 29
112 111 35
112 110 45
111 111 45
111 108 56
110 109 56
109 109 57
112 105 58
111 106 58
112 104 59
111 105 59
112 103 60
111 104 60
112 102 61
111 103 61
111 102 62
0 -1
0 -2
0 -3
1 -1
1 -2
1 -3
13 -120 -3 -110 -3 -72 -2 -16131 -5103 617 -15433 -3949 559
1803235 656097298 280242
110 102 63 1 -1 -1 -1 0 16 0 7
112 112 29
112 111 35
112 110 45
111 111 45
111 108 56
110 109 56
109 109 57
112 105 58
111 106 58
112 104 59
111 105 59
112 103 60
111 104 60
112 102 61
111 103 61
111 102 62
6 177 -5 -349 8 -304 10
675662 245938842 2126
109 103 63 1 -1 -1 -1 0 16 0 7
112 112 29
112 111 35
112 110 45
111 111 45
111 108 56
110 109 56
109 109 57
112 105 58
111 106 58
112 104 59
111 105 59
112 103 60
111 104 60
112 102 61
111 103 61
111 102 62
20 739 -21 -1129 26 -857 29
2829362 1029431259 456509
108 104 63 1 0 0 -1 0 16 1 8
112 112 29
112 111 35
112 110 45
111 111 45
111 108 56
110 109 56
109 109 57
112 105 58
111 106 58
112 104 59
111 105 59
112 103 60
111 104 60
112 102 61
111 103 61
111 102 62
0 5
96 -654 -11 -7589 178 -3188 92 2
-3604965 -1312997780 790520
108 104 63 1 0 1 -1 0 16 4 11
112 112 29
112 111 35
112 110 45
111 111 45
111 108 56
110 109 56
109 109 57
112 105 58
111 106 58
112 104 59
111 105 59
112 103 60
111 104 60
112 102 61
111 103 61
111 102 62
1 -1
1 -2
1 -3
0 5
50 -37 -15 -391 -9 -296 -8 -33746 -12566 2113 1
8765170 3190134210 387670
108 104 63 1 1 0 -1 0 16 3 10
112 112 29
112 111 35
112 110 45
111 111 45
111 108 56
110 109 56
109 109 57
112 105 58
111 106 58
112 104 59
111 105 59
112 103 60
111 104 60
112 102 61
111 103 61
111 102 62
0 -1
0 -2
0 -3
50 -2745 70 -3390 79 -1825 61 65372 17410 1126
-6390127 -2327287846 1281618
108 104 63 1 1 1 -1 0 16 6 13
112 112 29
112 111 35
112 110 45
111 111 45
111 108 56
110 109 56
109 109 57
112 105 58
111 106 58
112 104 59
111 105 59
112 103 60
111 104 60
112 102 61
111 103 61
111 102 62
0 -1
0 -2
0 -3
1 -1
1 -2
1 -3
35 -364 -9 -266 -6 -201 -5 -57113 -17506 2418 -31767 -9559 1336
4909028 1786322238 563954
107 105 63 1 0 1 -1 0 16 6 13
112 112 29
112 111 35
112 110 45
111 111 45
111 108 56
110 109 56
109 109 57
112 105 58
111 106 58
112 104 59
111 105 59
112 103 60
111 104 60
112 102 61
111 103 61
111 102 62
1 -1
1 -2
1 -3
0 1
0 2
0 4
17997 -726714 12980 -414119 377 -291338 6924 -28080476 -8490966 1407200 43 0 1
115351447 41599874514 388052194
107 105 63 1 1 0 -1 0 16 3 10
112 112 29
112 111 35
112 110 45
111 111 45
111 108 56
110 109 56
109 109 57
112 105 58
111 106 58
112 104 59
111 105 59
112 103 60
111 104 60
112 102 61
111 103 61
111 102 62
0 -1
0 -2
0 -3
25 -10 -15 -1820 42 -896 30 -55505 -11981 1605
-610163 -222439899 340567
107 105 63 1 1 1 -1 0 16 6 13
112 112 29
112 111 35
112 110 45
111 111 45
111 108 56
110 109 56
109 109 57
112 105 58
111 106 58
112 104 59
111 105 59
112 103 60
111 104 60
112 102 61
111 103 61
111 102 62
0 -1
0 -2
0 -3
1 -1
1 -2
1 -3
29 -283 -7 -242 -6 -170 -5 -39242 -13135 1486 -34822 -7020 1553
4037841 1468812607 961517
106 106 63 1 0 1 -1 0 16 5 12
112 112 29
112 111 35
112 110 45
111 111 45
111 108 56
110 109 56
109 109 57
112 105 58
111 106 58
112 104 59
111 105 59
112 103 60
111 104 60
112 102 61
111 103 61
111 102 62
1 -1
1 -2
1 -3
0 0
0 3
15103 -479521 9054 -587242 5074 -382677 12185 -31693974 -7782944 1244220 0 1
-289580286 -105680474532 273250428
106 106 63 1 1 0 -1 0 16 5 12
112 112 29
112 111 35
112 110 45
111 111 45
111 108 56
110 109 56
109 109 57
112 105 58
111 106 58
112 104 59
111 105 59
112 103 60
111 104 60
112 102 61
111 103 61
111 102 62
0 -1
0 -2
0 -3
1 0
1 3
15103 -587242 5074 -479521 9054 -382677 12185 -31693974 -7782944 1244220 0 1
-289580286 -105680474532 273250428
106 106 63 1 1 1 -1 0 16 6 13
112 112 29
112 111 35
112 110 45
111 111 45
111 108 56
110 109 56
109 109 57
112 105 58
111 106 58
112 104 59
111 105 59
112 103 60
111 104 60
112 102 61
111 103 61
111 102 62
0 -1
0 -2
0 -3
1 -1
1 -2
1 -3
14 -128 -3 -128 -3 -83 -2 -17876 -4362 650 -17876 -4362 636
1956072 711629377 380831
109 102 64 1 -1 -1 -1 0 16 0 7
112 112 29
112 111 35
112 110 45
111 111 45
111 108 56
110 109 56
109 109 57
112 105 58
111 106 58
112 104 59
111 105 59
112 103 60
111 104 60
112 102 61
111 103 61
111 102 62
4 106 -3 -216 5 -187 6
474949 172801254 80182
108 103 64 1 0 0 -1 0 16 1 8
112 112 29
112 111 35
112 110 45
111 111 45
111 108 56
110 109 56
109 109 57
112 105 58
111 106 58
112 104 59
111 105 59
112 103 60
111 104 60
112 102 61
111 103 61
111 102 62
0 5
54 -681 3 -3644 85 -2451 79 1
-1659334 -604694287 696711
108 103 64 1 0 1 -1 0 16 4 11
112 112 29
112 111 35
112 110 45
111 111 45
111 108 56
110 109 56
109 109 57
112 105 58
111 106 58
112 104 59
111 105 59
112 103 60
111 104 60
112 102 61
111 103 61
111 102 62
1 -1
1 -2
1 -3
0 5
53 48 -17 -408 -9 -329 -12 -30695 -14560 2005 1
9664610 3517388215 529825
108 103 64 1 1 0 -1 0 16 3 10
112 112 29
112 111 35
112 110 45
111 111 45
111 108 56
110 109 56
109 109 57
112 105 58
111 106 58
112 104 59
111 105 59
112 103 60
111 104 60
112 102 61
111 103 61
111 102 62
0 -1
0 -2
0 -3
20 -1173 30 -1171 27 -852 28 22247 7165 497
-2352990 -857065766 577406
108 103 64 1 1 1 -1 0 16 6 13
112 112 29
112 111 35
112 110 45
111 111 45
111 108 56
110 109 56
109 109 57
112 105 58
111 106 58
112 104 59
111 105 59
112 103 60
111 104 60
112 102 61
111 103 61
111 102 62
0 -1
0 -2
0 -3
1 -1
1 -2
1 -3
10 -118 -3 -81 -2 -65 -1 -18959 -5432 826 -9112 -2523 348
1312579 477539314 239442
107 104 64 1 0 0 -1 0 16 3 10
112 112 29
112 111 35
112 110 45
111 111 45
111 108 56
110 109 56
109 109 57
112 105 58
111 106 58
112 104 59
111 105 59
112 103 60
111 104 60
112 102 61
111 103 61
111 102 62
0 1
0 2
0 4
13631 -772198 15748 -1177039 28115 -584759 19547 13 0 1
-2775845221 -1010478840781 71180337
107 104 64 1 0 1 -1 0 16 6 13
112 112 29
112 111 35
112 110 45
111 111 45
111 108 56
110 109 56
109 109 57
112 105 58
111 106 58
112 104 59
111 105 59
112 103 60
111 104 60
112 102 61
111 103 61
111 102 62
1 -1
1 -2
1 -3
0 1
0 2
0 4
15169 -689752 12499 -365229 4871 -275045 7354 -6324056 -2959921 528793 29 0 1
7817826 2437796916 407891748
107 104 64 1 1 0 -1 0 16 3 10
112 112 29
112 111 35
112 110 45
111 111 45
111 108 56
110 109 56
109 109 57
112 105 58
111 106 58
112 104 59
111 105 59
112 103 60
111 104 60
112 102 61
111 103 61
111 102 62
0 -1
0 -2
0 -3
24 -565 5 -1702 40 -911 30 -27174 -4094 1145
-1650076 -601319220 691556
107 104 64 1 1 1 -1 0 16 6 13
112 112 29
112 111 35
112 110 45
111 111 45
111 108 56
110 109 56
109 109 57
112 105 58
111 106 58
112 104 59
111 105 59
112 103 60
111 104 60
112 102 61
111 103 61
111 102 62
0 -1
0 -2
0 -3
1 -1
1 -2
1 -3
25 -264 -6 -209 -5 -158 -5 -41458 -12195 1397 -29401 -7121 1039
3435908 1250484775 185737
106 105 64 1 0 1 -1 0 16 5 12
112 112 29
112 111 35
112 110 45
111 111 45
111 108 56
110 109 56
109 109 57
112 105 58
111 106 58
112 104 59
111 105 59
112 103 60
111 104 60
112 102 61
111 103 61
111 102 62
1 -1
1 -2
1 -3
0 0
0 3
16379 -799105 16567 -555497 8530 -394614 11494 -11344738 -3556013 1029165 0 1
-564373737 -205760063925 328023657
106 105 64 1 1 0 -1 0 16 3 10
112 112 29
112 111 35
112 110 45
111 111 45
111 108 56
110 109 56
109 109 57
112 105 58
111 106 58
112 104 59
111 105 59
112 103 60
111 104 60
112 102 61
111 103 61
111 102 62
0 -1
0 -2
0 -3
10 -8 -5 -741 17 -363 12 -17127 -3820 535
-247824 -90245388 37452
106 105 64 1 1 1 -1 0 16 6 13
112 112 29
112 111 35
112 110 45
111 111 45
111 108 56
110 109 56
109 109 57
112 105 58
111 106 58
112 104 59
111 105 59
112 103 60
111 104 60
112 102 61
111 103 61
111 102 62
0 -1
0 -2
0 -3
1 -1
1 -2
1 -3
27 -264 -6 -244 -6 -171 -5 -38716 -10249 1392 -34703 -8292 1555
3730182 1357589480 196768
108 102 65 1 -1 -1 -1 0 16 0 7
112 112 29
112 111 35
112 110 45
111 111 45
111 108 56
110 109 56
109 109 57
112 105 58
111 106 58
112 104 59
111 105 59
112 103 60
111 104 60
112 102 61
111 103 61
111 102 62
10 -634 14 -628 15 -370 12
-1412664 -514252476 42780
107 103 65 1 -1 -1 -1 0 16 0 7
112 112 29
112 111 35
112 110 45
111 111 45
111 108 56
110 109 56
109 109 57
112 105 58
111 106 58
112 104 59
111 105 59
112 103 60
111 104 60
112 102 61
111 103 61
111 102 62
51 -2400 52 -3462 81 -1722 50
-5502240 -2002934532 119172
106 104 65 1 0 0 -1 0 16 2 9
112 112 29
112 111 35
112 110 45
111 111 45
111 108 56
110 109 56
109 109 57
112 105 58
111 106 58
112 104 59
111 105 59
112 103 60
111 104 60
112 102 61
111 103 61
111 102 62
0 0
0 3
62494 -2535772 56141 -5691426 136659 -3180721 106997 19 2
-10684844664 -3889542889338 259431642
106 104 65 1 0 1 -1 0 16 5 12
112 112 29
112 111 35
112 110 45
111 111 45
111 108 56
110 109 56
109 109 57
112 105 58
111 106 58
112 104 59
111 105 59
112 103 60
111 104 60
112 102 61
111 103 61
111 102 62
1 -1
1 -2
1 -3
0 0
0 3
15086 -588984 11676 -572823 10658 -428353 13227 -5639464 -2130208 616299 0 1
-266999640 -97597725415 409856455
106 104 65 1 1 0 -1 0 16 3 10
112 112 29
112 111 35
112 110 45
111 111 45
111 108 56
110 109 56
109 109 57
112 105 58
111 106 58
112 104 59
111 105 59
112 103 60
111 104 60
112 102 61
111 103 61
111 102 62
0 -1
0 -2
0 -3
53 -2750 50 -3798 89 -2019 66 -51531 -6638 3151
-7580442 -2760739882 1458994
106 104 65 1 1 1 -1 0 16 6 13
112 112 29
112 111 35
112 110 45
111 111 45
111 108 56
110 109 56
109 109 57
112 105 58
111 106 58
112 104 59
111 105 59
112 103 60
111 104 60
112 102 61
111 103 61
111 102 62
0 -1
0 -2
0 -3
1 -1
1 -2
1 -3
27 -286 -7 -246 -6 -184 -5 -43811 -11210 1466 -33444 -8477 1253
3633480 1321752722 833998
105 105 65 1 0 1 -1 0 16 3 10
112 112 29
112 111 35
112 110 45
111 111 45
111 108 56
110 109 56
109 109 57
112 105 58
111 106 58
112 104 59
111 105 59
112 103 60
111 104 60
112 102 61
111 103 61
111 102 62
1 -1
1 -2
1 -3
35 -2546 59 -950 5 -1238 40 -57675 -10233 3121
-3068022 -1117549456 789448
105 105 65 1 1 0 -1 0 16 3 10
112 112 29
112 111 35
112 110 45
111 111 45
111 108 56
110 109 56
109 109 57
112 105 58
111 106 58
112 104 59
111 105 59
112 103 60
111 104 60
112 102 61
111 103 61
111 102 62
0 -1
0 -2
0 -3
35 -950 5 -2546 59 -1238 40 -57675 -10233 3121
-3068022 -1117549456 789448
105 105 65 1 1 1 -1 0 16 6 13
112 112 29
112 111 35
112 110 45
111 111 45
111 108 56
110 109 56
109 109 57
112 105 58
111 106 58
112 104 59
111 105 59
112 103 60
111 104 60
112 102 61
111 103 61
111 102 62
0 -1
0 -2
0 -3
1 -1
1 -2
1 -3
18 -175 -3 -175 -3 -121 -2 -15436 -5405 940 -15436 -5405 1059
2572694 936074318 386298
106 103 66 1 -1 -1 -1 0 16 0 7
112 112 29
112 111 35
112 110 45
111 111 45
111 108 56
110 109 56
109 109 57
112 105 58
111 106 58
112 104 59
111 105 59
112 103 60
111 104 60
112 102 61
111 103 61
111 102 62
50 -3873 89 -3107 73 -2130 69
-8960505 -3261899055 275235
105 104 66 1 -1 -1 -1 0 16 0 7
112 112 29
112 111 35
112 110 45
111 111 45
111 108 56
110 109 56
109 109 57
112 105 58
111 106 58
112 104 59
111 105 59
112 103 60
111 104 60
112 102 61
111 103 61
111 102 62
200 -13676 315 -12668 294 -9575 315
-32677495 -11894714793 106613
