97 26 18 44 606 21167272
45 41 23
45 40 24
45 39 25
45 38 26
45 37 27
45 36 28
45 35 29
45 34 30
45 33 31
45 32 32
44 42 23
44 41 24
44 40 25
44 39 26
44 38 27
44 37 28
44 36 29
44 35 30
44 34 31
44 33 32
43 43 23
43 42 24
43 41 25
43 40 26
43 39 27
43 38 28
43 37 29
43 36 30
43 35 31
43 34 32
43 33 33
45 38 25
45 37 26
45 36 27
45 35 28
45 34 29
45 33 30
45 32 31
44 40 24
44 39 25
44 38 26
44 37 27
44 36 28
44 35 29
44 34 30
44 33 31
44 32 32
43 40 25
43 39 26
43 38 27
43 37 28
43 36 29
43 35 30
43 34 31
43 33 32
45 35 27
45 34 28
45 33 29
45 32 30
44 38 25
44 37 26
44 36 27
44 35 28
44 34 29
44 33 30
44 32 31
43 35 29
45 33 28
42 35 32
42 42 25
42 36 31
42 41 26
42 40 27
42 39 28
42 38 29
42 37 30
42 34 33
43 42 23
43 41 24
42 42 24
42 40 26
42 38 28
42 37 29
42 34 32
43 38 26
43 37 27
43 36 28
43 34 30
43 33 31
43 32 32
42 41 25
42 39 27
42 35 31
42 33 33
44 41 23
42 36 30
45 39 24
45 45 7
45 43 15
44 44 15
45 42 20
44 43 22
41 41 27
41 40 28
41 39 29
41 38 30
41 37 31
41 36 32
41 35 33
41 34 34
45 40 23
44 42 22
45 31 31
44 39 24
43 39 25
42 42 23
42 38 27
42 37 28
42 34 31
42 33 32
44 34 28
45 36 26
42 35 30
112 112 29
112 111 35
112 110 45
111 111 45
112 109 51
111 110 51
111 108 56
110 109 56
109 109 57
112 105 58
111 106 58
112 104 59
111 105 59
112 103 60
111 104 60
112 102 61
111 103 61
111 102 62
42 13
14 14 14
15 14 13
15 15 12
16 14 12
16 15 11
17 16 9
17 17 8
18 12 12
18 15 9
18 16 8
18 17 7
18 18 6
20 16 6
43 6
15 14 14
15 15 13
17 17 9
18 16 9
18 17 8
18 18 7
44 3
15 15 14
18 17 9
18 18 8
45 2
15 15 15
18 18 9
475918720
14 13 13 5014216
14 14 12 0
15 13 12 0
15 14 11 1944481
15 15 10 1664737
16 12 12 767352
16 13 11 0
16 14 10 1150364
16 15 9 1349944
16 16 8 2299399
17 12 11 2681952
17 13 10 0
17 14 9 3217722
17 15 8 2202089
17 16 7 419298
17 17 6 2977790
18 11 11 1868022
18 12 10 2409059
18 13 9 2201237
18 14 8 1845550
18 15 7 2110709
18 16 6 1585079
18 17 5 3916551
18 18 4 1599695
19 11 10 0
19 12 9 1655966
19 13 8 1241676
19 14 7 0
19 15 6 0
19 16 5 0
19 17 4 0
19 18 3 0
19 19 2 0
20 10 10 0
20 11 9 235646
20 12 8 0
20 13 7 0
20 14 6 0
20 15 5 0
20 16 4 0
20 17 3 0
20 18 2 0
20 19 1 0
20 20 0 0
10001929368 0 -1 0 0 0 -1
7922266752 1 0 0 0 0 -1
-8170431809 1 1 0 0 0 -1
-118 2 -1 0 0 0 0
7066 2 -1 0 0 0 1
589 2 -1 0 0 0 2
-7199 2 -1 0 0 0 3
-606 2 -1 0 0 0 4
291 2 -1 0 0 0 5
16 2 -1 0 0 0 6
-1893157912 3 0 36 36 36 0
10923 3 0 36 36 36 1
-357554 3 0 36 36 36 2
21971 3 0 36 36 36 3
-1895729928 3 0 37 36 35 0
-1110 3 0 37 36 35 1
-632843 3 0 37 36 35 2
45599 3 0 37 36 35 3
-218073 3 0 37 36 35 4
15457 3 0 37 36 35 5
-987673 3 0 37 36 35 6
72655 3 0 37 36 35 7
-1900981128 3 0 37 37 34 0
-21786 3 0 37 37 34 1
-1033024 3 0 37 37 34 2
94934 3 0 37 37 34 3
-181752 3 0 37 37 34 4
14904 3 0 37 37 34 5
-1900766794 3 0 38 35 35 0
1880 3 0 38 35 35 1
144245 3 0 38 35 35 2
-11811 3 0 38 35 35 3
-363136 3 0 38 35 35 4
17521 3 0 38 35 35 5
-1903424504 3 0 38 36 34 0
16159 3 0 38 36 34 1
115603 3 0 38 36 34 2
-16849 3 0 38 36 34 3
547742 3 0 38 36 34 4
-41567 3 0 38 36 34 5
444643 3 0 38 36 34 6
-46925 3 0 38 36 34 7
-1911425550 3 0 38 37 33 0
-37467 3 0 38 37 33 1
-757744 3 0 38 37 33 2
76177 3 0 38 37 33 3
-488165 3 0 38 37 33 4
47292 3 0 38 37 33 5
-291435 3 0 38 37 33 6
27788 3 0 38 37 33 7
-1924155072 3 0 38 38 32 0
-21992 3 0 38 38 32 1
136355 3 0 38 38 32 2
-8389 3 0 38 38 32 3
625006 3 0 38 38 32 4
-38962 3 0 38 38 32 5
-1910786841 3 0 39 35 34 0
-10143 3 0 39 35 34 1
-895906 3 0 39 35 34 2
68675 3 0 39 35 34 3
-558965 3 0 39 35 34 4
43237 3 0 39 35 34 5
-898741 3 0 39 35 34 6
66087 3 0 39 35 34 7
-1916166481 3 0 39 36 33 0
12318 3 0 39 36 33 1
622769 3 0 39 36 33 2
-53307 3 0 39 36 33 3
265500 3 0 39 36 33 4
-23424 3 0 39 36 33 5
490819 3 0 39 36 33 6
-49386 3 0 39 36 33 7
-1926068966 3 0 39 37 32 0
-6322 3 0 39 37 32 1
-470388 3 0 39 37 32 2
39529 3 0 39 37 32 3
478014 3 0 39 37 32 4
-30440 3 0 39 37 32 5
1291159 3 0 39 37 32 6
-95192 3 0 39 37 32 7
-1938342639 3 0 39 38 31 0
-24377 3 0 39 38 31 1
521889 3 0 39 38 31 2
-38577 3 0 39 38 31 3
-56998 3 0 39 38 31 4
7417 3 0 39 38 31 5
477422 3 0 39 38 31 6
-29516 3 0 39 38 31 7
-1957212790 3 0 39 39 30 0
-13594 3 0 39 39 30 1
489932 3 0 39 39 30 2
-45612 3 0 39 39 30 3
940066 3 0 39 39 30 4
-65500 3 0 39 39 30 5
-1922866287 3 0 40 34 34 0
-21437 3 0 40 34 34 1
-637801 3 0 40 34 34 2
52308 3 0 40 34 34 3
-888945 3 0 40 34 34 4
65291 3 0 40 34 34 5
-1925543123 3 0 40 35 33 0
-16319 3 0 40 35 33 1
-623318 3 0 40 35 33 2
50127 3 0 40 35 33 3
-772942 3 0 40 35 33 4
59418 3 0 40 35 33 5
-833003 3 0 40 35 33 6
61252 3 0 40 35 33 7
-1931781957 3 0 40 36 32 0
-7627 3 0 40 36 32 1
-849395 3 0 40 36 32 2
62112 3 0 40 36 32 3
943182 3 0 40 36 32 4
-60088 3 0 40 36 32 5
129786 3 0 40 36 32 6
-17289 3 0 40 36 32 7
-1941541450 3 0 40 37 31 0
-35514 3 0 40 37 31 1
949283 3 0 40 37 31 2
-70877 3 0 40 37 31 3
-905017 3 0 40 37 31 4
73404 3 0 40 37 31 5
1156936 3 0 40 37 31 6
-75671 3 0 40 37 31 7
-1958368150 3 0 40 38 30 0
-45270 3 0 40 38 30 1
725868 3 0 40 38 30 2
-46597 3 0 40 38 30 3
43325 3 0 40 38 30 4
10702 3 0 40 38 30 5
1368242 3 0 40 38 30 6
-90955 3 0 40 38 30 7
-1981484770 3 0 40 39 29 0
-45973 3 0 40 39 29 1
564354 3 0 40 39 29 2
-50680 3 0 40 39 29 3
1225368 3 0 40 39 29 4
-67927 3 0 40 39 29 5
1448296 3 0 40 39 29 6
-90955 3 0 40 39 29 7
-2010575650 3 0 40 40 28 0
-48581 3 0 40 40 28 1
724428 3 0 40 40 28 2
-47297 3 0 40 40 28 3
1170686 3 0 40 40 28 4
-77221 3 0 40 40 28 5
-1936388834 3 0 41 34 33 0
-27467 3 0 41 34 33 1
790536 3 0 41 34 33 2
-56034 3 0 41 34 33 3
1472568 3 0 41 34 33 4
-100385 3 0 41 34 33 5
404864 3 0 41 34 33 6
-40728 3 0 41 34 33 7
-1941523274 3 0 41 35 32 0
-14049 3 0 41 35 32 1
726126 3 0 41 35 32 2
-52677 3 0 41 35 32 3
162307 3 0 41 35 32 4
-10939 3 0 41 35 32 5
235251 3 0 41 35 32 6
-28027 3 0 41 35 32 7
-1949540289 3 0 41 36 31 0
-22320 3 0 41 36 31 1
928339 3 0 41 36 31 2
-70877 3 0 41 36 31 3
1064673 3 0 41 36 31 4
-72088 3 0 41 36 31 5
749827 3 0 41 36 31 6
-59610 3 0 41 36 31 7
-1963158437 3 0 41 37 30 0
-38688 3 0 41 37 30 1
404773 3 0 41 37 30 2
-36343 3 0 41 37 30 3
-560068 3 0 41 37 30 4
55694 3 0 41 37 30 5
332134 3 0 41 37 30 6
-26018 3 0 41 37 30 7
-1984231606 3 0 41 38 29 0
-55212 3 0 41 38 29 1
223131 3 0 41 38 29 2
-7984 3 0 41 38 29 3
19971 3 0 41 38 29 4
18851 3 0 41 38 29 5
1533522 3 0 41 38 29 6
-96489 3 0 41 38 29 7
-2011699000 3 0 41 39 28 0
-48419 3 0 41 39 28 1
711946 3 0 41 39 28 2
-45812 3 0 41 39 28 3
1471858 3 0 41 39 28 4
-95481 3 0 41 39 28 5
1508751 3 0 41 39 28 6
-91867 3 0 41 39 28 7
-2045039527 3 0 41 40 27 0
-114009 3 0 41 40 27 1
689275 3 0 41 40 27 2
2330 3 0 41 40 27 3
1140771 3 0 41 40 27 4
-59406 3 0 41 40 27 5
1255020 3 0 41 40 27 6
-62737 3 0 41 40 27 7
-2083732092 3 0 41 41 26 0
-145161 3 0 41 41 26 1
567279 3 0 41 41 26 2
47483 3 0 41 41 26 3
1108525 3 0 41 41 26 4
-48882 3 0 41 41 26 5
-2295059296 3 0 43 43 22 0
-135436 3 0 43 43 22 1
-1692705 3 0 43 43 22 2
240500 3 0 43 43 22 3
-454815 3 0 43 43 22 4
66110 3 0 43 43 22 5
-2360706395 3 0 44 43 21 0
-120894 3 0 44 43 21 1
-1733355 3 0 44 43 21 2
278474 3 0 44 43 21 3
-578245 3 0 44 43 21 4
63030 3 0 44 43 21 5
-1266184 3 0 44 43 21 6
113750 3 0 44 43 21 7
-2295995625 3 0 45 41 22 0
-307958 3 0 45 41 22 1
-1844392 3 0 45 41 22 2
235005 3 0 45 41 22 3
1839588 3 0 45 41 22 4
-79108 3 0 45 41 22 5
-670989 3 0 45 41 22 6
165049 3 0 45 41 22 7
1954901683 3 1 36 36 35 0
-16766 3 1 36 36 35 1
-355456 3 1 36 36 35 2
34408 3 1 36 36 35 3
-354460 3 1 36 36 35 4
34468 3 1 36 36 35 5
1957495137 3 1 37 35 35 0
-16590 3 1 37 35 35 1
-354440 3 1 37 35 35 2
34323 3 1 37 35 35 3
-358051 3 1 37 35 35 4
34905 3 1 37 35 35 5
1960221725 3 1 37 36 34 0
-16415 3 1 37 36 34 1
-358717 3 1 37 36 34 2
34519 3 1 37 36 34 3
-355969 3 1 37 36 34 4
34573 3 1 37 36 34 5
-356965 3 1 37 36 34 6
34777 3 1 37 36 34 7
1968433700 3 1 37 37 33 0
-16011 3 1 37 37 33 1
-364487 3 1 37 37 33 2
34837 3 1 37 37 33 3
-362019 3 1 37 37 33 4
35137 3 1 37 37 33 5
1965372129 3 1 38 35 34 0
-16161 3 1 38 35 34 1
-359574 3 1 38 35 34 2
34649 3 1 38 35 34 3
-361912 3 1 38 35 34 4
34963 3 1 38 35 34 5
-362570 3 1 38 35 34 6
35424 3 1 38 35 34 7
1970961304 3 1 38 36 33 0
-15883 3 1 38 36 33 1
-361085 3 1 38 36 33 2
34647 3 1 38 36 33 3
-361172 3 1 38 36 33 4
34982 3 1 38 36 33 5
-364783 3 1 38 36 33 6
35504 3 1 38 36 33 7
1982236283 3 1 38 37 32 0
-15499 3 1 38 37 32 1
-373482 3 1 38 37 32 2
35496 3 1 38 37 32 3
-376749 3 1 38 37 32 4
36252 3 1 38 37 32 5
-376752 3 1 38 37 32 6
36345 3 1 38 37 32 7
1999228563 3 1 38 38 31 0
-15163 3 1 38 38 31 1
-366766 3 1 38 38 31 2
35008 3 1 38 38 31 3
-392370 3 1 38 38 31 4
37421 3 1 38 38 31 5
1975685107 3 1 39 34 34 0
-15877 3 1 39 34 34 1
-363177 3 1 39 34 34 2
35179 3 1 39 34 34 3
-373859 3 1 39 34 34 4
36542 3 1 39 34 34 5
1978544114 3 1 39 35 33 0
-15538 3 1 39 35 33 1
-366639 3 1 39 35 33 2
35285 3 1 39 35 33 3
-372271 3 1 39 35 33 4
35859 3 1 39 35 33 5
-373548 3 1 39 35 33 6
36426 3 1 39 35 33 7
1987211324 3 1 39 36 32 0
-15192 3 1 39 36 32 1
-366956 3 1 39 36 32 2
35143 3 1 39 36 32 3
-372720 3 1 39 36 32 4
35926 3 1 39 36 32 5
-377118 3 1 39 36 32 6
36558 3 1 39 36 32 7
2001676000 3 1 39 37 31 0
-14640 3 1 39 37 31 1
-384501 3 1 39 37 31 2
36346 3 1 39 37 31 3
-395575 3 1 39 37 31 4
37634 3 1 39 37 31 5
-390931 3 1 39 37 31 6
37400 3 1 39 37 31 7
2021918816 3 1 39 38 30 0
-14189 3 1 39 38 30 1
-382670 3 1 39 38 30 2
36150 3 1 39 38 30 3
-414153 3 1 39 38 30 4
38904 3 1 39 38 30 5
-412804 3 1 39 38 30 6
38747 3 1 39 38 30 7
2048141625 3 1 39 39 29 0
-13386 3 1 39 39 29 1
-381711 3 1 39 39 29 2
36005 3 1 39 39 29 3
-437289 3 1 39 39 29 4
40247 3 1 39 39 29 5
1991265878 3 1 40 34 33 0
-15047 3 1 40 34 33 1
-377008 3 1 40 34 33 2
36413 3 1 40 34 33 3
-378993 3 1 40 34 33 4
36645 3 1 40 34 33 5
-386537 3 1 40 34 33 6
37738 3 1 40 34 33 7
1997191468 3 1 40 35 32 0
-14745 3 1 40 35 32 1
-381312 3 1 40 35 32 2
36574 3 1 40 35 32 3
-385868 3 1 40 35 32 4
37093 3 1 40 35 32 5
-395292 3 1 40 35 32 6
38271 3 1 40 35 32 7
2009570899 3 1 40 36 31 0
-14225 3 1 40 36 31 1
-379856 3 1 40 36 31 2
36269 3 1 40 36 31 3
-394778 3 1 40 36 31 4
37648 3 1 40 36 31 5
-400517 3 1 40 36 31 6
38338 3 1 40 36 31 7
2028495792 3 1 40 37 30 0
-13959 3 1 40 37 30 1
-394477 3 1 40 37 30 2
37231 3 1 40 37 30 3
-413168 3 1 40 37 30 4
39075 3 1 40 37 30 5
-417500 3 1 40 37 30 6
39292 3 1 40 37 30 7
2052505941 3 1 40 38 29 0
-13548 3 1 40 38 29 1
-371735 3 1 40 38 29 2
35354 3 1 40 38 29 3
-431913 3 1 40 38 29 4
40037 3 1 40 38 29 5
-437682 3 1 40 38 29 6
40343 3 1 40 38 29 7
2081601346 3 1 40 39 28 0
-12398 3 1 40 39 28 1
-404338 3 1 40 39 28 2
37685 3 1 40 39 28 3
-458598 3 1 40 39 28 4
41583 3 1 40 39 28 5
-470173 3 1 40 39 28 6
42220 3 1 40 39 28 7
2118398209 3 1 40 40 27 0
-10791 3 1 40 40 27 1
-448145 3 1 40 40 27 2
41029 3 1 40 40 27 3
-499206 3 1 40 40 27 4
43779 3 1 40 40 27 5
2010045665 3 1 41 33 33 0
-14067 3 1 41 33 33 1
-382274 3 1 41 33 33 2
37238 3 1 41 33 33 3
-386545 3 1 41 33 33 4
37975 3 1 41 33 33 5
2013647657 3 1 41 34 32 0
-14069 3 1 41 34 32 1
-367196 3 1 41 34 32 2
36072 3 1 41 34 32 3
-398180 3 1 41 34 32 4
38396 3 1 41 34 32 5
-392936 3 1 41 34 32 6
38370 3 1 41 34 32 7
2023515236 3 1 41 35 31 0
-14829 3 1 41 35 31 1
-313268 3 1 41 35 31 2
32155 3 1 41 35 31 3
-396156 3 1 41 35 31 4
38193 3 1 41 35 31 5
-399034 3 1 41 35 31 6
38615 3 1 41 35 31 7
2039440108 3 1 41 36 30 0
-13434 3 1 41 36 30 1
-368254 3 1 41 36 30 2
35704 3 1 41 36 30 3
-409599 3 1 41 36 30 4
38849 3 1 41 36 30 5
-417585 3 1 41 36 30 6
39571 3 1 41 36 30 7
2060563329 3 1 41 37 29 0
-13218 3 1 41 37 29 1
-389140 3 1 41 37 29 2
37078 3 1 41 37 29 3
-421184 3 1 41 37 29 4
39789 3 1 41 37 29 5
-438995 3 1 41 37 29 6
40737 3 1 41 37 29 7
2086884899 3 1 41 38 28 0
-12698 3 1 41 38 28 1
-385921 3 1 41 38 28 2
36583 3 1 41 38 28 3
-466634 3 1 41 38 28 4
42468 3 1 41 38 28 5
-461624 3 1 41 38 28 6
41984 3 1 41 38 28 7
2118692109 3 1 41 39 27 0
-10852 3 1 41 39 27 1
-438834 3 1 41 39 27 2
40500 3 1 41 39 27 3
-505083 3 1 41 39 27 4
44431 3 1 41 39 27 5
-500533 3 1 41 39 27 6
43986 3 1 41 39 27 7
2158568303 3 1 41 40 26 0
-8983 3 1 41 40 26 1
-500647 3 1 41 40 26 2
45372 3 1 41 40 26 3
-538616 3 1 41 40 26 4
46053 3 1 41 40 26 5
-553430 3 1 41 40 26 6
46810 3 1 41 40 26 7
2201532115 3 1 41 41 25 0
-7516 3 1 41 41 25 1
-527011 3 1 41 41 25 2
47481 3 1 41 41 25 3
-593076 3 1 41 41 25 4
48846 3 1 41 41 25 5
2074944305 3 1 42 36 29 0
-12533 3 1 42 36 29 1
-377463 3 1 42 36 29 2
36885 3 1 42 36 29 3
-442071 3 1 42 36 29 4
41551 3 1 42 36 29 5
-439582 3 1 42 36 29 6
41266 3 1 42 36 29 7
2162857495 3 1 42 39 26 0
-9159 3 1 42 39 26 1
-487563 3 1 42 39 26 2
44692 3 1 42 39 26 3
-534963 3 1 42 39 26 4
46298 3 1 42 39 26 5
-576960 3 1 42 39 26 6
48529 3 1 42 39 26 7
2206433855 3 1 42 40 25 0
-7474 3 1 42 40 25 1
-527953 3 1 42 40 25 2
47686 3 1 42 40 25 3
-581635 3 1 42 40 25 4
48478 3 1 42 40 25 5
-606785 3 1 42 40 25 6
49612 3 1 42 40 25 7
2252037627 3 1 42 41 24 0
-5745 3 1 42 41 24 1
-556715 3 1 42 41 24 2
49766 3 1 42 41 24 3
-654812 3 1 42 41 24 4
52089 3 1 42 41 24 5
-638399 3 1 42 41 24 6
50906 3 1 42 41 24 7
2258206677 3 1 43 40 24 0
-4719 3 1 43 40 24 1
-584717 3 1 43 40 24 2
52812 3 1 43 40 24 3
-640315 3 1 43 40 24 4
51460 3 1 43 40 24 5
-672861 3 1 43 40 24 6
53053 3 1 43 40 24 7
2308385116 3 1 43 41 23 0
-3374 3 1 43 41 23 1
-627878 3 1 43 41 23 2
56356 3 1 43 41 23 3
-695125 3 1 43 41 23 4
53713 3 1 43 41 23 5
-702349 3 1 43 41 23 6
54139 3 1 43 41 23 7
2365855638 3 1 43 42 22 0
-1393 3 1 43 42 22 1
-671750 3 1 43 42 22 2
59920 3 1 43 42 22 3
-750427 3 1 43 42 22 4
55971 3 1 43 42 22 5
-852165 3 1 43 42 22 6
62066 3 1 43 42 22 7
2429684796 3 1 43 43 21 0
2146 3 1 43 43 21 1
-736388 3 1 43 43 21 2
67066 3 1 43 43 21 3
-909342 3 1 43 43 21 4
63813 3 1 43 43 21 5
2315151957 3 1 44 40 23 0
-4274 3 1 44 40 23 1
-618826 3 1 44 40 23 2
56292 3 1 44 40 23 3
-613725 3 1 44 40 23 4
49728 3 1 44 40 23 5
-1544260 3 1 44 40 23 6
105217 3 1 44 40 23 7
2370174321 3 1 44 41 22 0
-626 3 1 44 41 22 1
-668710 3 1 44 41 22 2
60128 3 1 44 41 22 3
-764367 3 1 44 41 22 4
57243 3 1 44 41 22 5
-820438 3 1 44 41 22 6
60064 3 1 44 41 22 7
2432295383 3 1 44 42 21 0
2162 3 1 44 42 21 1
-722687 3 1 44 42 21 2
64776 3 1 44 42 21 3
-841160 3 1 44 42 21 4
60122 3 1 44 42 21 5
-996936 3 1 44 42 21 6
69054 3 1 44 42 21 7
2500000000 3 1 44 43 20 0
4693 3 1 44 43 20 1
-795056 3 1 44 43 20 2
72789 3 1 44 43 20 3
-997800 3 1 44 43 20 4
67738 3 1 44 43 20 5
-968106 3 1 44 43 20 6
65687 3 1 44 43 20 7
2244799676 3 1 45 37 25 0
-4154 3 1 45 37 25 1
-560996 3 1 45 37 25 2
52998 3 1 45 37 25 3
-626044 3 1 45 37 25 4
53855 3 1 45 37 25 5
-2549680 3 1 45 37 25 6
165049 3 1 45 37 25 7
2292356180 3 1 45 38 24 0
-3843 3 1 45 38 24 1
-571882 3 1 45 38 24 2
53591 3 1 45 38 24 3
-634390 3 1 45 38 24 4
53181 3 1 45 38 24 5
-2561523 3 1 45 38 24 6
165049 3 1 45 38 24 7
2332194735 3 1 45 39 23 0
-2188 3 1 45 39 23 1
-616006 3 1 45 39 23 2
57148 3 1 45 39 23 3
-662731 3 1 45 39 23 4
53679 3 1 45 39 23 5
-2583106 3 1 45 39 23 6
165049 3 1 45 39 23 7
2382439787 3 1 45 40 22 0
-1131 3 1 45 40 22 1
-664591 3 1 45 40 22 2
60658 3 1 45 40 22 3
-775803 3 1 45 40 22 4
59102 3 1 45 40 22 5
-2591721 3 1 45 40 22 6
165049 3 1 45 40 22 7
2437926336 3 1 45 41 21 0
1724 3 1 45 41 21 1
-719465 3 1 45 41 21 2
65328 3 1 45 41 21 3
-800762 3 1 45 41 21 4
58709 3 1 45 41 21 5
-2624425 3 1 45 41 21 6
165049 3 1 45 41 21 7
0 4 0 40 34 34 -1
0 4 0 40 35 33 -1
0 4 0 40 36 32 -1
0 4 0 40 37 31 -1
0 4 0 40 38 30 -1
0 4 0 40 39 29 -1
0 4 0 40 40 28 -1
0 4 0 41 40 27 -1
0 4 1 40 34 33 -1
0 4 1 40 35 32 -1
0 4 1 40 36 31 -1
0 4 1 40 37 30 -1
0 4 1 40 38 29 -1
0 4 1 40 39 28 -1
0 4 1 40 40 27 -1
0 4 1 41 40 26 -1
0 4 1 42 40 25 -1
0 4 1 43 40 24 -1
0 4 1 44 40 23 -1
0 4 1 45 40 22 -1
