97 26 18 44 375 9410019729
45 41 23
45 40 24
45 39 25
45 38 26
45 37 27
45 36 28
45 35 29
45 34 30
45 33 31
45 32 32
44 42 23
44 41 24
44 40 25
44 39 26
44 38 27
44 37 28
44 36 29
44 35 30
44 34 31
44 33 32
43 43 23
43 42 24
43 41 25
43 40 26
43 39 27
43 38 28
43 37 29
43 36 30
43 35 31
43 34 32
43 33 33
45 38 25
45 37 26
45 36 27
45 35 28
45 34 29
45 33 30
45 32 31
44 40 24
44 39 25
44 38 26
44 37 27
44 36 28
44 35 29
44 34 30
44 33 31
44 32 32
43 40 25
43 39 26
43 38 27
43 37 28
43 36 29
43 35 30
43 34 31
43 33 32
45 35 27
45 34 28
45 33 29
45 32 30
44 38 25
44 37 26
44 36 27
44 35 28
44 34 29
44 33 30
44 32 31
43 35 29
45 33 28
42 35 32
42 42 25
42 36 31
42 41 26
42 40 27
42 39 28
42 38 29
42 37 30
42 34 33
43 42 23
43 41 24
42 42 24
42 40 26
42 38 28
42 37 29
42 34 32
43 38 26
43 37 27
43 36 28
43 34 30
43 33 31
43 32 32
42 41 25
42 39 27
42 35 31
42 33 33
44 41 23
42 36 30
45 39 24
45 45 7
45 43 15
44 44 15
45 42 20
44 43 22
41 41 27
41 40 28
41 39 29
41 38 30
41 37 31
41 36 32
41 35 33
41 34 34
45 40 23
44 42 22
45 31 31
44 39 24
43 39 25
42 42 23
42 38 27
42 37 28
42 34 31
42 33 32
44 34 28
45 36 26
42 35 30
112 112 29
112 111 35
112 110 45
111 111 45
112 109 51
111 110 51
111 108 56
110 109 56
109 109 57
112 105 58
111 106 58
112 104 59
111 105 59
112 103 60
111 104 60
112 102 61
111 103 61
111 102 62
42 13
14 14 14
15 14 13
15 15 12
16 14 12
16 15 11
17 16 9
17 17 8
18 12 12
18 15 9
18 16 8
18 17 7
18 18 6
20 16 6
43 6
15 14 14
15 15 13
17 17 9
18 16 9
18 17 8
18 18 7
44 3
15 15 14
18 17 9
18 18 8
45 2
15 15 15
18 18 9
475918720
14 13 13 5014216
14 14 12 0
15 13 12 0
15 14 11 1944481
15 15 10 1664737
16 12 12 767352
16 13 11 0
16 14 10 1150364
16 15 9 1349944
16 16 8 2299399
17 12 11 2681952
17 13 10 0
17 14 9 3217722
17 15 8 2202089
17 16 7 419298
17 17 6 2977790
18 11 11 1868022
18 12 10 2409059
18 13 9 2201237
18 14 8 1845550
18 15 7 2110709
18 16 6 1585079
18 17 5 3916551
18 18 4 1599695
19 11 10 0
19 12 9 1655966
19 13 8 1241676
19 14 7 0
19 15 6 0
19 16 5 0
19 17 4 0
19 18 3 0
19 19 2 0
20 10 10 0
20 11 9 235646
20 12 8 0
20 13 7 0
20 14 6 0
20 15 5 0
20 16 4 0
20 17 3 0
20 18 2 0
20 19 1 0
20 20 0 0
-807524822368 0 -1 0 0 0 -1
-96793894232765 1 0 0 0 0 -1
-1170084 2 -1 0 0 0 0
35996498 2 -1 0 0 0 1
3028277 2 -1 0 0 0 2
-3763465 2 -1 0 0 0 3
541757 2 -1 0 0 0 4
25000000000000 3 0 36 36 35 0
-38526936 3 0 36 36 35 1
-6723799730 3 0 36 36 35 2
515327501 3 0 36 36 35 3
-6480205634 3 0 36 36 35 4
492432457 3 0 36 36 35 5
24974371469212 3 0 37 35 35 0
-38985523 3 0 37 35 35 1
-6530626368 3 0 37 35 35 2
499703123 3 0 37 35 35 3
-6356695768 3 0 37 35 35 4
476721680 3 0 37 35 35 5
24947640645654 3 0 37 36 34 0
-39581932 3 0 37 36 34 1
-6649118222 3 0 37 36 34 2
512052228 3 0 37 36 34 3
-6323572009 3 0 37 36 34 4
479380913 3 0 37 36 34 5
-6165995634 3 0 37 36 34 6
462630614 3 0 37 36 34 7
24868063407582 3 0 37 37 33 0
-48030147 3 0 37 37 33 1
-6644900551 3 0 37 37 33 2
516609375 3 0 37 37 33 3
-5914844416 3 0 37 37 33 4
445293895 3 0 37 37 33 5
24897751352720 3 0 38 35 34 0
-46448047 3 0 38 35 34 1
-6527512426 3 0 38 35 34 2
501953280 3 0 38 35 34 3
-6412267783 3 0 38 35 34 4
489861917 3 0 38 35 34 5
-6048938524 3 0 38 35 34 6
447830835 3 0 38 35 34 7
24843870921594 3 0 38 36 33 0
-52113766 3 0 38 36 33 1
-6411680212 3 0 38 36 33 2
497873098 3 0 38 36 33 3
-5971621722 3 0 38 36 33 4
453696324 3 0 38 36 33 5
-5801672794 3 0 38 36 33 6
430592304 3 0 38 36 33 7
24738050047103 3 0 38 37 32 0
-63835363 3 0 38 37 32 1
-6599479732 3 0 38 37 32 2
517263336 3 0 38 37 32 3
-5632712964 3 0 38 37 32 4
428166162 3 0 38 37 32 5
-5464027443 3 0 38 37 32 6
410223986 3 0 38 37 32 7
24579318735366 3 0 38 38 31 0
-88805893 3 0 38 38 31 1
-5807759600 3 0 38 38 31 2
462094655 3 0 38 38 31 3
-4913209990 3 0 38 38 31 4
375938249 3 0 38 38 31 5
24798939887465 3 0 39 34 34 0
-61568709 3 0 39 34 34 1
-6258060708 3 0 39 34 34 2
480504058 3 0 39 34 34 3
-5742961901 3 0 39 34 34 4
418347382 3 0 39 34 34 5
24772190176800 3 0 39 35 33 0
-61203086 3 0 39 35 33 1
-6247109257 3 0 39 35 33 2
482115871 3 0 39 35 33 3
-6192316620 3 0 39 35 33 4
471911826 3 0 39 35 33 5
-5618063035 3 0 39 35 33 6
409570931 3 0 39 35 33 7
24692079240685 3 0 39 36 32 0
-70568339 3 0 39 36 32 1
-6168545124 3 0 39 36 32 2
479724651 3 0 39 36 32 3
-5483504714 3 0 39 36 32 4
419094462 3 0 39 36 32 5
-5284664478 3 0 39 36 32 6
388880334 3 0 39 36 32 7
24559133514038 3 0 39 37 31 0
-96939037 3 0 39 37 31 1
-5516592897 3 0 39 37 31 2
437615917 3 0 39 37 31 3
-5189330103 3 0 39 37 31 4
402012875 3 0 39 37 31 5
-4765942711 3 0 39 37 31 6
358577629 3 0 39 37 31 7
24393838393253 3 0 39 38 30 0
-124768180 3 0 39 38 30 1
-4673647199 3 0 39 38 30 2
375145118 3 0 39 38 30 3
-4363398620 3 0 39 38 30 4
343786789 3 0 39 38 30 5
-4123363805 3 0 39 38 30 6
321323804 3 0 39 38 30 7
24186188765670 3 0 39 39 29 0
-142384527 3 0 39 39 29 1
-5030933006 3 0 39 39 29 2
401048455 3 0 39 39 29 3
-3474713757 3 0 39 39 29 4
286388959 3 0 39 39 29 5
24661602432089 3 0 40 34 33 0
-81012126 3 0 40 34 33 1
-6206967392 3 0 40 34 33 2
475294065 3 0 40 34 33 3
-5855642019 3 0 40 34 33 4
447839208 3 0 40 34 33 5
-5296740950 3 0 40 34 33 6
378230742 3 0 40 34 33 7
24606226159646 3 0 40 35 32 0
-82641762 3 0 40 35 32 1
-6132770792 3 0 40 35 32 2
470684528 3 0 40 35 32 3
-5681920012 3 0 40 35 32 4
432775761 3 0 40 35 32 5
-5153913484 3 0 40 35 32 6
370659097 3 0 40 35 32 7
24519718048529 3 0 40 36 31 0
-94424112 3 0 40 36 31 1
-5787784061 3 0 40 36 31 2
447788967 3 0 40 36 31 3
-5150031787 3 0 40 36 31 4
395060458 3 0 40 36 31 5
-4649060607 3 0 40 36 31 6
339424546 3 0 40 36 31 7
24383589976509 3 0 40 37 30 0
-118289033 3 0 40 37 30 1
-5827611279 3 0 40 37 30 2
456121146 3 0 40 37 30 3
-4662664575 3 0 40 37 30 4
369930040 3 0 40 37 30 5
-3863327400 3 0 40 37 30 6
294515380 3 0 40 37 30 7
24183076356067 3 0 40 38 29 0
-171181298 3 0 40 38 29 1
-3691786230 3 0 40 38 29 2
294267793 3 0 40 38 29 3
-3204210587 3 0 40 38 29 4
276628170 3 0 40 38 29 5
-3180963843 3 0 40 38 29 6
258038878 3 0 40 38 29 7
23941568582745 3 0 40 39 28 0
-199183245 3 0 40 39 28 1
-3409240157 3 0 40 39 28 2
269885378 3 0 40 39 28 3
-2279326861 3 0 40 39 28 4
219333038 3 0 40 39 28 5
-2283001358 3 0 40 39 28 6
212815607 3 0 40 39 28 7
23622368120574 3 0 40 40 27 0
-228530459 3 0 40 40 27 1
-3613449538 3 0 40 40 27 2
285261181 3 0 40 40 27 3
-1071150379 3 0 40 40 27 4
149392928 3 0 40 40 27 5
24562807101608 3 0 41 33 33 0
-100410695 3 0 41 33 33 1
-5583344259 3 0 41 33 33 2
420277939 3 0 41 33 33 3
-4368764396 3 0 41 33 33 4
298797576 3 0 41 33 33 5
24532209200270 3 0 41 34 32 0
-120067024 3 0 41 34 32 1
-4917701656 3 0 41 34 32 2
374033691 3 0 41 34 32 3
-5068165763 3 0 41 34 32 4
389144357 3 0 41 34 32 5
-4312701330 3 0 41 34 32 6
296478558 3 0 41 34 32 7
24450533420450 3 0 41 35 31 0
-151977945 3 0 41 35 31 1
-3148594992 3 0 41 35 31 2
252010335 3 0 41 35 31 3
-4927636331 3 0 41 35 31 4
378216499 3 0 41 35 31 5
-4013329528 3 0 41 35 31 6
281418774 3 0 41 35 31 7
24340480054631 3 0 41 36 30 0
-135920960 3 0 41 36 30 1
-4554847601 3 0 41 36 30 2
349486958 3 0 41 36 30 3
-4253726294 3 0 41 36 30 4
329068732 3 0 41 36 30 5
-3558901772 3 0 41 36 30 6
257934773 3 0 41 36 30 7
24164688629200 3 0 41 37 29 0
-162141792 3 0 41 37 29 1
-4687995689 3 0 41 37 29 2
361936288 3 0 41 37 29 3
-3516188561 3 0 41 37 29 4
292505654 3 0 41 37 29 5
-2819301821 3 0 41 37 29 6
222764169 3 0 41 37 29 7
23916150151809 3 0 41 38 28 0
-214807483 3 0 41 38 28 1
-3036449431 3 0 41 38 28 2
234855999 3 0 41 38 28 3
-2378127228 3 0 41 38 28 4
226154464 3 0 41 38 28 5
-2036015689 3 0 41 38 28 6
188490652 3 0 41 38 28 7
23613142541915 3 0 41 39 27 0
-231875072 3 0 41 39 27 1
-3639414605 3 0 41 39 27 2
282316267 3 0 41 39 27 3
-1237071234 3 0 41 39 27 4
162539988 3 0 41 39 27 5
-707854859 3 0 41 39 27 6
118947728 3 0 41 39 27 7
23237754375700 3 0 41 40 26 0
-268697757 3 0 41 40 26 1
-3510237543 3 0 41 40 26 2
277787985 3 0 41 40 26 3
182601758 3 0 41 40 26 4
87155993 3 0 41 40 26 5
207626722 3 0 41 40 26 6
79737170 3 0 41 40 26 7
22809790637080 3 0 41 41 25 0
-304604823 3 0 41 41 25 1
-3483528871 3 0 41 41 25 2
280543204 3 0 41 41 25 3
1999303142 3 0 41 41 25 4
-12746856 3 0 41 41 25 5
24119172461932 3 0 42 36 29 0
-180699062 3 0 42 36 29 1
-4102728202 3 0 42 36 29 2
303229403 3 0 42 36 29 3
-3428530290 3 0 42 36 29 4
274892183 3 0 42 36 29 5
-2453353474 3 0 42 36 29 6
181544147 3 0 42 36 29 7
23220187307382 3 0 42 39 26 0
-291843407 3 0 42 39 26 1
-2934143852 3 0 42 39 26 2
222551591 3 0 42 39 26 3
193297940 3 0 42 39 26 4
86745496 3 0 42 39 26 5
-36886117 3 0 42 39 26 6
86943305 3 0 42 39 26 7
22806846560986 3 0 42 40 25 0
-324450672 3 0 42 40 25 1
-3053594439 3 0 42 40 25 2
239785008 3 0 42 40 25 3
2348052919 3 0 42 40 25 4
-28860420 3 0 42 40 25 5
1741291727 3 0 42 40 25 6
-3898320 3 0 42 40 25 7
22323045997006 3 0 42 41 24 0
-376778898 3 0 42 41 24 1
-1963528415 3 0 42 41 24 2
147802589 3 0 42 41 24 3
3513185225 3 0 42 41 24 4
-85008161 3 0 42 41 24 5
4813539258 3 0 42 41 24 6
-162987091 3 0 42 41 24 7
22383944274668 3 0 43 40 24 0
-358088526 3 0 43 40 24 1
-3215138545 3 0 43 40 24 2
253996227 3 0 43 40 24 3
4021320294 3 0 43 40 24 4
-132090036 3 0 43 40 24 5
3339930440 3 0 43 40 24 6
-82458778 3 0 43 40 24 7
21792328035588 3 0 43 41 23 0
-423122044 3 0 43 41 23 1
-2463408349 3 0 43 41 23 2
205986117 3 0 43 41 23 3
6330521549 3 0 43 41 23 4
-241386369 3 0 43 41 23 5
6701370871 3 0 43 41 23 6
-248992025 3 0 43 41 23 7
21192785921169 3 0 43 42 22 0
-489119238 3 0 43 42 22 1
-1579410149 3 0 43 42 22 2
147871456 3 0 43 42 22 3
8530941485 3 0 43 42 22 4
-336722407 3 0 43 42 22 5
6354352750 3 0 43 42 22 6
-188643162 3 0 43 42 22 7
20550015275795 3 0 43 43 21 0
-523726194 3 0 43 43 21 1
-1147611820 3 0 43 43 21 2
166602037 3 0 43 43 21 3
9823214102 3 0 43 43 21 4
-377668087 3 0 43 43 21 5
21768777873355 3 0 44 40 23 0
-468551641 3 0 44 40 23 1
-2480466935 3 0 44 40 23 2
192040853 3 0 44 40 23 3
7562001717 3 0 44 40 23 4
-332483412 3 0 44 40 23 5
16670039789 3 0 44 40 23 6
-844283733 3 0 44 40 23 7
21194902547398 3 0 44 41 22 0
-484904090 3 0 44 41 22 1
-1685176026 3 0 44 41 22 2
142888941 3 0 44 41 22 3
7873150702 3 0 44 41 22 4
-313348194 3 0 44 41 22 5
7463675293 3 0 44 41 22 6
-263971701 3 0 44 41 22 7
20548737199536 3 0 44 42 21 0
-526705831 3 0 44 42 21 1
-908111917 3 0 44 42 21 2
105301105 3 0 44 42 21 3
11361054306 3 0 44 42 21 4
-485260916 3 0 44 42 21 5
9065889728 3 0 44 42 21 6
-328103668 3 0 44 42 21 7
19858856866326 3 0 44 43 20 0
-597076582 3 0 44 43 20 1
-304050762 3 0 44 43 20 2
114898096 3 0 44 43 20 3
11949348483 3 0 44 43 20 4
-467595258 3 0 44 43 20 5
14093989642 3 0 44 43 20 6
-583710214 3 0 44 43 20 7
22985502120241 3 0 45 37 25 0
-325565979 3 0 45 37 25 1
-3972916213 3 0 45 37 25 2
231945823 3 0 45 37 25 3
555947111 3 0 45 37 25 4
14084710 3 0 45 37 25 5
-27462057607 3 0 45 37 25 6
1650491847 3 0 45 37 25 7
22294376098680 3 0 45 38 24 0
-375089172 3 0 45 38 24 1
-4025279111 3 0 45 38 24 2
259422611 3 0 45 38 24 3
2419744888 3 0 45 38 24 4
-68068913 3 0 45 38 24 5
-26935680985 3 0 45 38 24 6
1650491847 3 0 45 38 24 7
21883638107174 3 0 45 39 23 0
-437458246 3 0 45 39 23 1
-2275055707 3 0 45 39 23 2
126932413 3 0 45 39 23 3
4650322240 3 0 45 39 23 4
-175058113 3 0 45 39 23 5
-26126769529 3 0 45 39 23 6
1650491847 3 0 45 39 23 7
21218132875978 3 0 45 40 22 0
-514254316 3 0 45 40 22 1
-1813656305 3 0 45 40 22 2
125339064 3 0 45 40 22 3
7567475555 3 0 45 40 22 4
-316351118 3 0 45 40 22 5
-25185295814 3 0 45 40 22 6
1650491847 3 0 45 40 22 7
20546489240217 3 0 45 41 21 0
-546963331 3 0 45 41 21 1
-874703160 3 0 45 41 21 2
72139779 3 0 45 41 21 3
11467679143 3 0 45 41 21 4
-513092022 3 0 45 41 21 5
-24662801285 3 0 45 41 21 6
1650491847 3 0 45 41 21 7
0 4 0 40 34 33 -1
0 4 0 40 35 32 -1
0 4 0 40 36 31 -1
0 4 0 40 37 30 -1
0 4 0 40 38 29 -1
0 4 0 40 39 28 -1
0 4 0 40 40 27 -1
0 4 0 41 40 26 -1
0 4 0 42 40 25 -1
0 4 0 43 40 24 -1
-119 4 0 44 40 23 -1
-77 4 0 45 40 22 -1
