97 26 14 1
45 41 23
45 40 24
45 39 25
45 38 26
45 37 27
45 36 28
45 35 29
45 34 30
45 33 31
45 32 32
44 42 23
44 41 24
44 40 25
44 39 26
44 38 27
44 37 28
44 36 29
44 35 30
44 34 31
44 33 32
43 43 23
43 42 24
43 41 25
43 40 26
43 39 27
43 38 28
43 37 29
43 36 30
43 35 31
43 34 32
43 33 33
45 38 25
45 37 26
45 36 27
45 35 28
45 34 29
45 33 30
45 32 31
44 40 24
44 39 25
44 38 26
44 37 27
44 36 28
44 35 29
44 34 30
44 33 31
44 32 32
43 40 25
43 39 26
43 38 27
43 37 28
43 36 29
43 35 30
43 34 31
43 33 32
45 35 27
45 34 28
45 33 29
45 32 30
44 38 25
44 37 26
44 36 27
44 35 28
44 34 29
44 33 30
44 32 31
43 35 29
45 33 28
42 35 32
42 42 25
42 36 31
42 41 26
42 40 27
42 39 28
42 38 29
42 37 30
42 34 33
43 42 23
43 41 24
42 42 24
42 40 26
42 38 28
42 37 29
42 34 32
43 38 26
43 37 27
43 36 28
43 34 30
43 33 31
43 32 32
42 41 25
42 39 27
42 35 31
42 33 33
44 41 23
42 36 30
45 39 24
45 45 7
45 43 15
44 44 15
45 42 20
44 43 22
41 41 27
41 40 28
41 39 29
41 38 30
41 37 31
41 36 32
41 35 33
41 34 34
45 40 23
44 42 22
45 31 31
44 39 24
43 39 25
42 42 23
42 38 27
42 37 28
42 34 31
42 33 32
44 34 28
45 36 26
42 35 30
108 18044648 30
36 36 36 58824
37 36 35 58300
37 37 34 57239
38 35 35 57262
38 36 34 56726
38 37 33 55262
38 38 32 53121
39 35 34 55332
39 36 33 54393
39 37 32 52793
39 38 31 50778
39 39 30 48903
40 34 34 53428
40 35 33 53082
40 36 32 52021
40 37 31 50559
40 38 30 51247
40 39 29 54313
40 40 28 53951
41 34 33 53524
41 35 32 52847
41 36 31 55051
41 37 30 57247
41 38 29 62215
41 39 28 62654
41 40 27 58541
41 41 26 52450
43 43 22 12621
44 43 21 0
45 41 22 22716
106 -3591640984 79
36 35 35 -9983147
36 36 34 -9990785
37 35 34 -10000000
37 36 33 -10000000
37 37 32 -10000000
38 34 34 -10000000
38 35 33 -10000000
38 36 32 -9968579
38 37 31 -10000000
38 38 30 -9839416
39 34 33 -10000000
39 35 32 -10000000
39 36 31 -9878915
39 37 30 -9826407
39 38 29 -9720417
39 39 28 -9680528
40 33 33 -10000000
40 34 32 -9973634
40 35 31 -9783564
40 36 30 -9742135
40 37 29 -9667163
40 38 28 -9663587
40 39 27 -9613310
40 40 26 -9582415
41 33 32 -9727037
41 34 31 -9581588
41 35 30 -9546357
41 36 29 -9541747
41 37 28 -9549502
41 38 27 -9590733
41 39 26 -9574631
41 40 25 -9580702
41 41 24 -9599913
42 32 32 -9453950
42 33 31 -9347118
42 34 30 -9323995
42 35 29 -9341420
42 36 28 -9355491
42 37 27 -9393613
42 38 26 -9558163
42 39 25 -9523458
42 40 24 -9569002
42 41 23 -9642062
42 42 22 -9724727
43 32 31 -9020433
43 33 30 -9000511
43 34 29 -9078628
43 35 28 -9081546
43 36 27 -9162434
43 37 26 -9473305
43 38 25 -9520897
43 39 24 -9566410
43 40 23 -9571209
43 41 22 -9700595
43 42 21 -9839138
43 43 20 -9897087
44 31 31 -8734924
44 32 30 -8675615
44 33 29 -8709989
44 35 27 -8996391
44 36 26 -9222233
44 37 25 -9378232
44 38 24 -9465191
44 39 23 -9537124
44 40 22 -9629436
44 41 21 -9792097
44 42 20 -9890680
44 43 19 -10000000
45 31 30 -8249935
45 32 29 -8277881
45 34 27 -8582204
45 35 26 -8885840
45 36 25 -9063418
45 37 24 -9240341
45 38 23 -9376513
45 39 22 -9505071
45 40 21 -9585916
45 41 20 -9744454
45 42 19 -9948755
106 -33592598595 79
36 35 35 -92355348
36 36 34 -92508910
37 35 34 -92620488
37 36 33 -92706756
37 37 32 -92293893
38 34 34 -92736938
38 35 33 -93086625
38 36 32 -92261603
38 37 31 -92267242
38 38 30 -91544330
39 34 33 -92878474
39 35 32 -92321477
39 36 31 -91828219
39 37 30 -92334597
39 38 29 -91100769
39 39 28 -90797679
40 33 33 -90472345
40 34 32 -91091574
40 35 31 -91463768
40 36 30 -90463738
40 37 29 -90083529
40 38 28 -90428964
40 39 27 -90551996
40 40 26 -90761402
41 33 32 -89382065
41 34 31 -89132330
41 35 30 -88848744
41 36 29 -88835414
41 37 28 -89284745
41 38 27 -89741734
41 39 26 -90400977
41 40 25 -91179655
41 41 24 -92198595
42 32 32 -86856255
42 33 31 -87395204
42 34 30 -87178352
42 35 29 -87233195
42 36 28 -87499679
42 37 27 -88343584
42 38 26 -89343531
42 39 25 -90460697
42 40 24 -91666052
42 41 23 -93078970
42 42 22 -94571645
43 32 31 -84296724
43 33 30 -84468141
43 34 29 -85019866
43 35 28 -85137238
43 36 27 -86189014
43 37 26 -87139663
43 38 25 -88432727
43 39 24 -90258558
43 40 23 -92048441
43 41 22 -94072959
43 42 21 -96299112
43 43 20 -98182222
44 31 31 -81256845
44 32 30 -81726283
44 33 29 -82156858
44 35 27 -83144003
44 36 26 -84406642
44 37 25 -85871220
44 38 24 -87757378
44 39 23 -89997608
44 40 22 -92603479
44 41 21 -95399127
44 42 20 -97923823
44 43 19 -100000000
45 31 30 -77622598
45 32 29 -78056738
45 34 27 -79291034
45 35 26 -80682168
45 36 25 -82143051
45 37 24 -89058692
45 38 23 -91578462
45 39 22 -93829642
45 40 21 -95466281
45 41 20 -96583419
45 42 19 -99131095
108 -20752501605552 30
36 36 36 -57697059186
37 36 35 -57734394281
37 37 34 -57767384665
38 35 35 -57768152341
38 36 34 -57755894674
38 37 33 -57741634959
38 38 32 -57656172410
39 35 34 -57780000000
39 36 33 -57675628293
39 37 32 -57505192729
39 38 31 -57166232540
39 39 30 -56485292370
40 34 34 -57750417348
40 35 33 -57635269062
40 36 32 -57206656928
40 37 31 -56790852144
40 38 30 -56348330590
40 39 29 -55971076800
40 40 28 -55720007790
41 34 33 -57064008537
41 35 32 -56602159405
41 36 31 -56050551556
41 37 30 -55830329327
41 38 29 -55647423780
41 39 28 -55594660389
41 40 27 -55440675627
41 41 26 -55356462844
43 43 22 -56402170986
44 43 21 -56941929663
45 41 22 -55755697826
108 -34737053796 30
36 36 36 -94210452
37 36 35 -94351678
37 37 34 -94611928
38 35 35 -94633360
38 36 34 -94747998
38 37 33 -95050292
38 38 32 -95394176
39 35 34 -95127867
39 36 33 -95275707
39 37 32 -95329709
39 38 31 -95256179
39 39 30 -94961292
40 34 34 -94970940
40 35 33 -94986627
40 36 32 -94735136
40 37 31 -94128983
40 38 30 -94106238
40 39 29 -94049990
40 40 28 -93606192
41 34 33 -93574239
41 35 32 -93354318
41 36 31 -92736979
41 37 30 -92460788
41 38 29 -92941397
41 39 28 -93288487
41 40 27 -94176160
41 41 26 -94975290
43 43 22 -102256950
44 43 21 -105172165
45 41 22 -100397745
108 -37293947532 30
36 36 36 -102404196
37 36 35 -102503382
37 37 34 -102671184
38 35 35 -102700774
38 36 34 -102770070
38 37 33 -102946722
38 38 32 -102982648
39 35 34 -103042252
39 36 33 -103063959
39 37 32 -102867439
39 38 31 -102413423
39 39 30 -102195078
40 34 34 -102381076
40 35 33 -102404462
40 36 32 -102154460
40 37 31 -101526611
40 38 30 -101438930
40 39 29 -101593690
40 40 28 -101165404
41 34 33 -100970837
41 35 32 -100837771
41 36 31 -100492560
41 37 30 -100405667
41 38 29 -100669243
41 39 28 -100825289
41 40 27 -101130007
41 41 26 -101432822
43 43 22 -104563314
44 43 21 -106260355
45 41 22 -103103703
108 -194098034681910 30
36 36 36 -533919432924
37 36 35 -534538265894
37 37 34 -535042259875
38 35 35 -535672140524
38 36 34 -535636779289
38 37 33 -534619303515
38 38 32 -532792115534
39 35 34 -536230991415
39 36 33 -534806663685
39 37 32 -532681460948
39 38 31 -531474424744
39 39 30 -528751588509
40 34 34 -531755037768
40 35 33 -531836463489
40 36 32 -530071063944
40 37 31 -528934731119
40 38 30 -526701917854
40 39 29 -524292270749
40 40 28 -523489751236
41 34 33 -523017582867
41 35 32 -523499998745
41 36 31 -521896105860
41 37 30 -520370037875
41 38 29 -519851035994
41 39 28 -521333240503
41 40 27 -522866448759
41 41 26 -525187086877
43 43 22 -549636748745
44 43 21 -559587876834
45 41 22 -543792445586
108 -3487364456256 30
36 36 36 -9421539948
37 36 35 -9441679082
37 37 34 -9479480662
38 35 35 -9484611330
38 36 34 -9501431664
38 37 33 -9553046615
38 38 32 -9610015432
39 35 34 -9568335627
39 36 33 -9597668055
39 37 32 -9599514670
39 38 31 -9560742652
39 39 30 -9507690450
40 34 34 -9593028400
40 35 33 -9574223671
40 36 32 -9556025276
40 37 31 -9484705257
40 38 30 -9469825344
40 39 29 -9440749650
40 40 28 -9461640856
41 34 33 -9526060519
41 35 32 -9440431010
41 36 31 -9381013701
41 37 30 -9350822728
41 38 29 -9392613382
41 39 28 -9440894984
41 40 27 -9504016978
41 41 26 -9601348210
43 43 22 -10294670324
44 43 21 -10561969034
45 41 22 -10088980130
108 -737848608396110352 30
36 36 36 -2030069012780520
37 36 35 -2031492542644850
37 37 34 -2033318668156164
38 35 35 -2035102785488540
38 36 34 -2035448246783988
38 37 33 -2036319549820510
38 38 32 -2037027660611536
39 35 34 -2038438938157468
39 36 33 -2038324838174394
39 37 32 -2037337956379072
39 38 31 -2034915081670441
39 39 30 -2030752170932274
40 34 34 -2037148737872504
40 35 33 -2037824528849776
40 36 32 -2037188106394856
40 37 31 -2034669190111271
40 38 30 -2031127990326066
40 39 29 -2027389991299003
40 40 28 -2024246008875976
41 34 33 -2033026916300421
41 35 32 -2034141924480101
41 36 31 -2032995725964971
41 37 30 -2031619264936766
41 38 29 -2029010743825905
41 39 28 -2025367305052626
41 40 27 -2023649148192046
41 41 26 -2023342415622756
43 43 22 -2028015973287164
44 43 21 -2030420479518368
45 41 22 -2030139091054915
108 -34833049056 30
36 36 36 -94210452
37 36 35 -94351678
37 37 34 -94611928
38 35 35 -94633360
38 36 34 -94747998
38 37 33 -95050292
38 38 32 -95394176
39 35 34 -95127867
39 36 33 -95275707
39 37 32 -95329709
39 38 31 -95256179
39 39 30 -94961292
40 34 34 -94970940
40 35 33 -94986627
40 36 32 -94735136
40 37 31 -94128983
40 38 30 -94106238
40 39 29 -94049990
40 40 28 -93606192
41 34 33 -93574239
41 35 32 -93354318
41 36 31 -92736979
41 37 30 -92460788
41 38 29 -92941397
41 39 28 -93288487
41 40 27 -94176160
41 41 26 -94975290
43 43 22 -102256950
44 43 21 -105172165
45 41 22 -100397745
108 -37373744520 30
36 36 36 -102404196
37 36 35 -102503382
37 37 34 -102671184
38 35 35 -102700774
38 36 34 -102770070
38 37 33 -102946722
38 38 32 -102982648
39 35 34 -103042252
39 36 33 -103063959
39 37 32 -102867439
39 38 31 -102413423
39 39 30 -102195078
40 34 34 -102381076
40 35 33 -102404462
40 36 32 -102154460
40 37 31 -101526611
40 38 30 -101438930
40 39 29 -101593690
40 40 28 -101165404
41 34 33 -100970837
41 35 32 -100837771
41 36 31 -100492560
41 37 30 -100405667
41 38 29 -100669243
41 39 28 -100825289
41 40 27 -101130007
41 41 26 -101432822
43 43 22 -104563314
44 43 21 -106260355
45 41 22 -103103703
108 -3495306745908 30
36 36 36 -9421539948
37 36 35 -9441679082
37 37 34 -9479480662
38 35 35 -9484611330
38 36 34 -9501431664
38 37 33 -9553046615
38 38 32 -9610015432
39 35 34 -9568335627
39 36 33 -9597668055
39 37 32 -9599514670
39 38 31 -9560742652
39 39 30 -9507690450
40 34 34 -9593028400
40 35 33 -9574223671
40 36 32 -9556025276
40 37 31 -9484705257
40 38 30 -9469825344
40 39 29 -9440749650
40 40 28 -9461640856
41 34 33 -9526060519
41 35 32 -9440431010
41 36 31 -9381013701
41 37 30 -9350822728
41 38 29 -9392613382
41 39 28 -9440894984
41 40 27 -9504016978
41 41 26 -9601348210
43 43 22 -10294670324
44 43 21 -10561969034
45 41 22 -10088980130
106 -383098965937752 79
36 35 35 -1053788184020
36 36 34 -1054538930620
37 35 34 -1055550358476
37 36 33 -1056118896790
37 37 32 -1057226357640
38 34 34 -1058584642044
38 35 33 -1058794221050
38 36 32 -1058169190776
38 37 31 -1058069148663
38 38 30 -1055318688756
39 34 33 -1058758491360
39 35 32 -1059431226848
39 36 31 -1057495132702
39 37 30 -1055534806663
39 38 29 -1053630435030
39 39 28 -1051308013228
40 33 33 -1055096969508
40 34 32 -1057250445252
40 35 31 -1056810654666
40 36 30 -1055451530596
40 37 29 -1054449195945
40 38 28 -1051520588962
40 39 27 -1050593153377
40 40 26 -1050117521476
41 33 32 -1053524840273
41 34 31 -1054074719482
41 35 30 -1053611358436
41 36 29 -1055080426057
41 37 28 -1053752489146
41 38 27 -1051745479404
41 39 26 -1050873874385
41 40 25 -1050435705766
41 41 24 -1051746506408
42 32 32 -1050638108342
42 33 31 -1050706322275
42 34 30 -1050576606838
42 35 29 -1052170398314
42 36 28 -1052755311678
42 37 27 -1051287285072
42 38 26 -1052580394436
42 39 25 -1053672946400
42 40 24 -1052107898168
42 41 23 -1052161808969
42 42 22 -1052887709020
43 32 31 -1046455886612
43 33 30 -1046500666465
43 34 29 -1049660865961
43 35 28 -1054053629251
43 36 27 -1055984920107
43 37 26 -1053063940181
43 38 25 -1054592645554
43 39 24 -1057251798620
43 40 23 -1054647334848
43 41 22 -1052367703945
43 42 21 -1053434340553
43 43 20 -1054479221786
44 31 31 -1041441794726
44 32 30 -1041370354814
44 33 29 -1043661856921
44 35 27 -1059612958520
44 36 26 -1056936127500
44 37 25 -1050620769330
44 38 24 -1057133370184
44 39 23 -1055341726549
44 40 22 -1054593948800
44 41 21 -1053571469208
44 42 20 -1057122747844
44 43 19 -1053900481607
45 31 30 -1038976177302
45 32 29 -1039142039447
45 34 27 -1051620303179
45 35 26 -1053045771215
45 36 25 -1054697143750
45 37 24 -1060000000000
45 38 23 -1051153973564
45 39 22 -1054114229317
45 40 21 -1054779776215
45 41 20 -1056392337755
45 42 19 -1055361104293
108 -38431390771692 30
36 36 36 -107453652084
37 36 35 -107419829727
37 37 34 -107179160228
38 35 35 -107347824258
38 36 34 -107351907846
38 37 33 -107397703735
38 38 32 -107485211872
39 35 34 -107176538234
39 36 33 -106937401056
39 37 32 -107392350295
39 38 31 -106545166833
39 39 30 -104005799742
40 34 34 -106868214648
40 35 33 -106926976718
40 36 32 -105659653240
40 37 31 -104748319104
40 38 30 -102604956450
40 39 29 -99833507703
40 40 28 -97223546156
41 34 33 -106406456724
41 35 32 -105939077888
41 36 31 -102925017466
41 37 30 -100601241196
41 38 29 -98152581039
41 39 28 -96339197704
41 40 27 -95074188257
41 41 26 -94270820498
43 43 22 -100351808110
44 43 21 -101843943394
45 41 22 -92762853066
108 106 61 1 0 0 -1 0 18 14 21
112 112 29
112 111 35
112 110 45
111 111 45
112 109 51
111 110 51
111 108 56
110 109 56
109 109 57
112 105 58
111 106 58
112 104 59
111 105 59
112 103 60
111 104 60
112 102 61
111 103 61
111 102 62
0 0
1 1
1 2
0 3
0 4
0 5
0 6
0 7
0 8
0 9
0 10
0 11
1 12
0 13
16772577 699356293 -18952959 -627556152 12354611 -234405693 4013462 0 0 822 0 0 0 0 0 0 0 0 0 0 1
3493400953736 1271595953973582 1993186322
