107 105 63
90644557772027 -90605161297573
-18928757 1785554861 -14731442 1453572882 -34142174 621216961 -19760078
97
45 41 23
45 40 24
45 39 25
45 38 26
45 37 27
45 36 28
45 35 29
45 34 30
45 33 31
45 32 32
44 42 23
44 41 24
44 40 25
44 39 26
44 38 27
44 37 28
44 36 29
44 35 30
44 34 31
44 33 32
43 43 23
43 42 24
43 41 25
43 40 26
43 39 27
43 38 28
43 37 29
43 36 30
43 35 31
43 34 32
43 33 33
45 38 25
45 37 26
45 36 27
45 35 28
45 34 29
45 33 30
45 32 31
44 40 24
44 39 25
44 38 26
44 37 27
44 36 28
44 35 29
44 34 30
44 33 31
44 32 32
43 40 25
43 39 26
43 38 27
43 37 28
43 36 29
43 35 30
43 34 31
43 33 32
45 35 27
45 34 28
45 33 29
45 32 30
44 38 25
44 37 26
44 36 27
44 35 28
44 34 29
44 33 30
44 32 31
43 35 29
45 33 28
42 35 32
42 42 25
42 36 31
42 41 26
42 40 27
42 39 28
42 38 29
42 37 30
42 34 33
43 42 23
43 41 24
42 42 24
42 40 26
42 38 28
42 37 29
42 34 32
43 38 26
43 37 27
43 36 28
43 34 30
43 33 31
43 32 32
42 41 25
42 39 27
42 35 31
42 33 33
44 41 23
42 36 30
45 39 24
26
45 45 7
45 43 15
44 44 15
45 42 20
44 43 22
41 41 27
41 40 28
41 39 29
41 38 30
41 37 31
41 36 32
41 35 33
41 34 34
45 40 23
44 42 22
45 31 31
44 39 24
43 39 25
42 42 23
42 38 27
42 37 28
42 34 31
42 33 32
44 34 28
45 36 26
42 35 30
117
45 41 23
45 40 24
45 39 25
45 38 26
45 37 27
45 36 28
45 35 29
45 34 30
45 33 31
45 32 32
44 42 23
44 41 24
44 40 25
44 39 26
44 38 27
44 37 28
44 36 29
44 35 30
44 34 31
44 33 32
43 43 23
43 42 24
43 41 25
43 40 26
43 39 27
43 38 28
43 37 29
43 36 30
43 35 31
43 34 32
43 33 33
45 38 25
45 37 26
45 36 27
45 35 28
45 34 29
45 33 30
45 32 31
44 40 24
44 39 25
44 38 26
44 37 27
44 36 28
44 35 29
44 34 30
44 33 31
44 32 32
43 40 25
43 39 26
43 38 27
43 37 28
43 36 29
43 35 30
43 34 31
43 33 32
45 35 27
45 34 28
45 33 29
45 32 30
44 38 25
44 37 26
44 36 27
44 35 28
44 34 29
44 33 30
44 32 31
43 35 29
45 33 28
42 35 32
42 42 25
42 36 31
42 41 26
42 40 27
42 39 28
42 38 29
42 37 30
42 34 33
43 42 23
43 41 24
42 42 24
42 40 26
42 38 28
42 37 29
42 34 32
43 38 26
43 37 27
43 36 28
43 34 30
43 33 31
43 32 32
42 41 25
42 39 27
42 35 31
42 33 33
44 41 23
42 36 30
45 39 24
41 41 27
41 40 28
41 39 29
41 38 30
41 37 31
41 36 32
41 35 33
41 34 34
45 40 23
45 31 31
44 39 24
43 39 25
42 42 23
42 38 27
42 37 28
42 34 31
42 33 32
44 34 28
45 36 26
42 35 30
18
112 112 29
112 111 35
112 110 45
111 111 45
111 108 56
110 109 56
109 109 57
112 105 58
111 106 58
112 104 59
111 105 59
112 103 60
111 104 60
112 102 61
111 103 61
111 102 62
112 109 51
111 110 51
47
36 36 35 5 25000000000000 -211900044 -6307464736 500174462 -5620839030 451892300 0
37 35 35 5 24901763144700 -192195466 -5336254862 420979386 -6025040559 476721680 0
37 36 34 7 24806952729517 -180064225 -5573404420 436841034 -5290450360 418038897 -5133034384 404879158 0
37 37 33 5 24522105496792 -192592903 -6199576990 492484472 -4595550265 373732607 0
38 35 34 7 24606873051551 -189860271 -6218920397 489247198 -5256585505 420646592 -6102805344 483566338 0
38 36 33 7 24420216512680 -187442298 -5646621787 444827001 -4770791028 384535195 -5670376318 453094700 0
38 37 32 7 24045591697996 -190803783 -6232423475 506302635 -5548787635 439905167 -4214165023 354772821 0
38 38 31 5 23667391812797 -224857540 -2375721220 220973912 -3447764091 288974418 0
39 34 34 5 24206059774490 -213426772 -5251464551 428965717 -6325117421 508168430 0
39 35 33 7 24113943254405 -210214905 -3805488467 323084422 -6643840120 525591927 -6237910815 497324189 0
39 36 32 7 23837500248832 -195564144 -5415679878 435351505 -4973633176 404341250 -6209510854 497019880 0
39 37 31 7 23635377684843 -228482697 -4063139559 338075777 -5948636617 486919761 -4686188779 388107565 0
39 38 30 7 23316285923423 -240331553 -1975817929 176543179 -3821385369 322684443 -3962581720 323873228 0
39 39 29 5 22765642561327 -258445036 -1253237334 107703326 -3818657066 321985519 0
40 34 33 7 23597483403397 -289192221 -4710640855 410563501 -3899972746 368857665 -7529014412 604687477 0
40 35 32 7 23616593248067 -192083344 -5470463221 438197565 -6402387958 509769574 -6649869249 533451413 0
40 36 31 7 23495447663968 -163901547 -3911776496 308738809 -5263726134 413105423 -4284809314 342773654 0
40 37 30 7 23158614407195 -261051547 -2651071012 227890881 -3118630461 298571740 -2479986557 229810260 0
40 38 29 7 22680888736461 -386766007 5040132391 -375005576 -2097904290 245398982 -3455816732 289596149 0
40 39 28 7 21985469682336 -376927775 4672738898 -376852229 -2881888698 284266425 -3464175071 304473767 0
40 40 27 5 21087431385352 -345244924 885224401 -104460179 -2062681634 228641963 0
41 33 33 5 23308117785701 -195380753 -3887750185 331028921 -3491958287 297489937 0
41 34 32 7 23296792276529 -203919821 -2607275524 247884034 -5940987786 485807824 -3253937187 277934558 0
41 35 31 7 23201450262850 -306239645 3559877830 -201253653 -3271240804 281979562 -3389243763 283413467 0
41 36 30 7 22900326648463 -226146617 -30057276 20617525 -3268859067 268168217 -3618536691 296589197 0
41 37 29 7 22409764442641 -254204904 -5248441119 430679075 -6091968368 532163878 -3098598524 283743683 0
41 38 28 7 21814767659342 -448156522 4746309744 -376852229 -4698919010 451480543 -2600166594 266426991 0
41 39 27 7 20994939284153 -436083979 2214731084 -205061065 -3867525391 376301177 1177301224 48536569 0
41 40 26 7 19978501471835 -351649251 -2082424519 132215333 -1143743779 202547057 -2936610071 291794932 0
41 41 25 5 18748234317663 -283980315 -5840718637 442296063 490850471 79772731 0
42 36 29 7 22069800624473 -243619110 -679164747 73618251 -5097345084 416838538 -3186039287 263284717 0
42 39 26 7 19786793326952 -444589070 1203254821 -122661112 -2254974537 305175277 -6161546886 502497255 0
42 40 25 7 18648813788019 -462089195 -1911878496 123843650 5874089213 -186586283 -1997614663 226392088 0
42 41 24 7 17310393856095 -475458876 -346553367 -63453447 1006404266 62170075 9338423957 -425578652 0
43 40 24 7 17054674031834 -216923444 -9170749093 744161715 -312027987 82215691 -11285893856 850643937 0
43 41 23 7 15654206953581 -404697729 -10421253874 925689266 7641520922 -359189182 -1272328279 272106238 0
43 42 22 7 14016763288752 -404754435 -11287579046 1025250022 8712631373 -419026852 -8639168119 737280450 0
43 43 21 5 12212695949666 -242624002 -14608964187 1638464160 -8598588624 638129515 0
44 40 23 7 15323845615717 -573573905 -9842278819 927704737 -1699913609 166138469 19425019425 -807794922 -175
44 41 22 7 13810392407802 -318615580 -10770691372 954291644 8133074092 -422984343 -5943071148 539919285 0
44 42 21 7 12155587439204 -263654594 -12683916794 1229450005 11361054306 -613826363 -13377117303 953682234 0
44 43 20 7 10449509497873 -287442131 -15494581624 1718251300 -2401489114 252044061 8592585840 -370497189 0
45 37 25 7 19900753179780 -96541803 -12279641382 982186243 -8623904632 586214578 -26602408468 1650491847 0
45 38 24 7 16152952184765 -129612059 -14423534701 1081214035 -2709549688 250262329 -27275500516 1650491847 0
45 39 23 7 16675684387720 -387022791 -4865215989 251389076 5607051768 -253298899 -25719881873 1650491847 0
45 40 22 7 13449418471276 -400999574 -15912241965 1437541512 13139012168 -751392134 -24618412243 1650491847 -1785
45 41 21 7 11993119319016 -442213097 -12683916794 1273385837 17444659988 -1016273414 -24201091452 1650491847 0
9
0 0 -321639387 47
36 36 35 -872319
37 35 35 -873685
37 36 34 -874949
37 37 33 -878403
38 35 34 -877619
38 36 33 -879578
38 37 32 -882624
38 38 31 -884836
39 34 34 -882328
39 35 33 -882919
39 36 32 -884457
39 37 31 -880702
39 38 30 -880029
39 39 29 -877301
40 34 33 -877615
40 35 32 -877374
40 36 31 -867856
40 37 30 -864201
40 38 29 -868848
40 39 28 -864582
40 40 27 -872844
41 33 33 -861724
41 34 32 -857376
41 35 31 -855432
41 36 30 -850301
41 37 29 -852247
41 38 28 -859767
41 39 27 -868204
41 40 26 -876348
41 41 25 -889029
42 36 29 -831014
42 39 26 -869539
42 40 25 -884036
42 41 24 -898873
43 40 24 -892915
43 41 23 -912581
43 42 22 -940850
43 43 21 -970175
44 40 23 -906743
44 41 22 -928116
44 42 21 -964755
44 43 20 -1000000
45 37 25 -835484
45 38 24 -861397
45 39 23 -887879
45 40 22 -922117
45 41 21 -946624
0 0 -345314329 47
36 36 35 -948187
37 35 35 -949198
37 36 34 -949981
37 37 33 -952135
38 35 34 -951875
38 36 33 -953038
38 37 32 -954642
38 38 31 -950933
39 34 34 -955225
39 35 33 -955478
39 36 32 -954493
39 37 31 -947505
39 38 30 -945866
39 39 29 -947251
40 34 33 -943707
40 35 32 -944109
40 36 31 -937088
40 37 30 -934005
40 38 29 -937070
40 39 28 -936480
40 40 27 -937393
41 33 33 -931256
41 34 32 -927762
41 35 31 -926801
41 36 30 -926036
41 37 29 -928271
41 38 28 -930175
41 39 27 -934028
41 40 26 -938362
41 41 25 -941813
42 36 29 -914077
42 39 26 -932580
42 40 25 -938276
42 41 24 -945843
43 40 24 -940583
43 41 23 -950671
43 42 22 -964162
43 43 21 -983881
44 40 23 -946895
44 41 22 -956607
44 42 21 -976037
44 43 20 -1000000
45 37 25 -895335
45 38 24 -917852
45 39 23 -939843
45 40 22 -950482
45 41 21 -958483
0 0 -32290411632 47
36 36 35 -87236481
37 35 35 -87434540
37 36 34 -87608167
37 37 33 -88131656
38 35 34 -88029983
38 36 33 -88330645
38 37 32 -88963934
38 38 31 -89023639
39 34 34 -88852722
39 35 33 -88980030
39 36 32 -89378540
39 37 31 -88216102
39 38 30 -88277705
39 39 29 -87400982
40 34 33 -88807640
40 35 32 -88083487
40 36 31 -87808692
40 37 30 -87327083
40 38 29 -87342933
40 39 28 -87528827
40 40 27 -87833382
41 33 33 -88353531
41 34 32 -87300825
41 35 31 -86671224
41 36 30 -85828815
41 37 29 -86491539
41 38 28 -87064643
41 39 27 -87739000
41 40 26 -88640308
41 41 25 -89724729
42 36 29 -84506245
42 39 26 -88370378
42 40 25 -89706225
42 41 24 -91088543
43 40 24 -89950086
43 41 23 -92687989
43 42 22 -94765922
43 43 21 -97490956
44 40 23 -89984231
44 41 22 -94392113
44 42 21 -97031790
44 43 20 -100000000
45 37 25 -84497218
45 38 24 -87235977
45 39 23 -87058652
45 40 22 -91291425
45 41 21 -95381210
0 0 -384305585288 47
36 36 35 -1068464059
37 35 35 -1069376439
37 36 34 -1069659045
37 37 33 -1070000000
38 35 34 -1070000000
38 36 33 -1068963107
38 37 32 -1068837423
38 38 31 -1065021896
39 34 34 -1070000000
39 35 33 -1070000000
39 36 32 -1064899861
39 37 31 -1060138472
39 38 30 -1048753200
39 39 29 -1038927838
40 34 33 -1069129922
40 35 32 -1062151238
40 36 31 -1049371089
40 37 30 -1043530165
40 38 29 -1036412897
40 39 28 -1033273693
40 40 27 -1027790005
41 33 33 -1051984442
41 34 32 -1046249068
41 35 31 -1032418771
41 36 30 -1029348797
41 37 29 -1026333880
41 38 28 -1027628667
41 39 27 -1026699334
41 40 26 -1024962507
41 41 25 -1025615389
42 36 29 -1008353733
42 39 26 -1022512767
42 40 25 -1022552854
42 41 24 -1026934916
43 40 24 -1023832502
43 41 23 -1030141920
43 42 22 -1042049287
43 43 21 -1054004695
44 40 23 -1024095184
44 41 22 -1037059190
44 42 21 -1051894426
44 43 20 -1060771068
45 37 25 -988375431
45 38 24 -1002102865
45 39 23 -1013471220
45 40 22 -1024417612
45 41 21 -1038300455
0 0 -3594408049665 47
36 36 35 -9887396906
37 35 35 -9900582036
37 36 34 -9909196942
37 37 33 -9905998413
38 35 34 -9930316624
38 36 33 -9918608127
38 37 32 -9873398989
38 38 31 -9850184622
39 34 34 -9932476814
39 35 33 -9927733706
39 36 32 -9860278697
39 37 31 -9858439048
39 38 30 -9811966626
39 39 29 -9738992673
40 34 33 -9797220632
40 35 32 -9807904746
40 36 31 -9770200286
40 37 30 -9743048056
40 38 29 -9689644818
40 39 28 -9694092644
40 40 27 -9694717534
41 33 33 -9608582435
41 34 32 -9625979304
41 35 31 -9623957102
41 36 30 -9572630462
41 37 29 -9569592612
41 38 28 -9613176386
41 39 27 -9653385841
41 40 26 -9707927592
41 41 25 -9781696585
42 36 29 -9408973099
42 39 26 -9633216865
42 40 25 -9739624690
42 41 24 -9864544402
43 40 24 -9761145140
43 41 23 -9940059848
43 42 22 -10136225477
43 43 21 -10343550294
44 40 23 -9779915741
44 41 22 -10034733629
44 42 21 -10300324545
44 43 20 -10530742157
45 37 25 -9129965087
45 38 24 -9531195394
45 39 23 -9779534144
45 40 22 -10020600417
45 41 21 -10235330035
0 0 -20495794677669732 47
36 36 35 -56390805910570
37 35 35 -56439343951030
37 36 34 -56462897914468
37 37 33 -56520634082290
38 35 34 -56580189804664
38 36 33 -56584346665714
38 37 32 -56592537203124
38 38 31 -56564067324912
39 34 34 -56640189226098
39 35 33 -56655376152267
39 36 32 -56623983426628
39 37 31 -56556797857192
39 38 30 -56438332282789
39 39 29 -56335553157976
40 34 33 -56556450655494
40 35 32 -56599477803526
40 36 31 -56531993162266
40 37 30 -56453287388461
40 38 29 -56354191963504
40 39 28 -56239115896597
40 40 27 -56200312675006
41 33 33 -56395807603923
41 34 32 -56448751924019
41 35 31 -56441902067346
41 36 30 -56427967219921
41 37 29 -56414607491544
41 38 28 -56301906079151
41 39 27 -56232993796804
41 40 26 -56200550852916
41 41 25 -56214695266506
42 36 29 -56360708136180
42 39 26 -56291417356787
42 40 25 -56283957476186
42 41 24 -56280830254640
43 40 24 -56421123801188
43 41 23 -56343977852585
43 42 22 -56324585272858
43 43 21 -56369708472532
44 40 23 -56436906308836
44 41 22 -56360551598478
44 42 21 -56400345197896
44 43 20 -56465686774008
45 37 25 -56400864469300
45 38 24 -56539348511908
45 39 23 -56365004968996
45 40 22 -56413225972705
45 41 21 -56420463016015
0 0 743509294619 47
36 36 35 1954901683
37 35 35 1957495137
37 36 34 1960221725
37 37 33 1968433700
38 35 34 1965372129
38 36 33 1970961304
38 37 32 1982236283
38 38 31 1999228563
39 34 34 1975685107
39 35 33 1978544114
39 36 32 1987211324
39 37 31 2001676000
39 38 30 2021918816
39 39 29 2048141625
40 34 33 1991265878
40 35 32 1997191468
40 36 31 2009570899
40 37 30 2028495792
40 38 29 2052505941
40 39 28 2081601346
40 40 27 2118398209
41 33 33 2010045665
41 34 32 2013647657
41 35 31 2023515236
41 36 30 2039440108
41 37 29 2060563329
41 38 28 2086884899
41 39 27 2118692109
41 40 26 2158568303
41 41 25 2201532115
42 36 29 2074944305
42 39 26 2162857495
42 40 25 2206433855
42 41 24 2252037627
43 40 24 2258206677
43 41 23 2308385116
43 42 22 2365855638
43 43 21 2429684796
44 40 23 2315151957
44 41 22 2370174321
44 42 21 2432295383
44 43 20 2500000000
45 37 25 2244799676
45 38 24 2292356180
45 39 23 2332194735
45 40 22 2382439787
45 41 21 2437926336
0 -74 880824437518 47
36 36 35 2500000000
37 35 35 2497437146
37 36 34 2494764064
37 37 33 2486806340
38 35 34 2489775135
38 36 33 2484387092
38 37 32 2473805004
38 38 31 2457931873
39 34 34 2479893988
39 35 33 2477219017
39 36 32 2469207924
39 37 31 2455913351
39 38 30 2439383839
39 39 29 2418618876
40 34 33 2466160243
40 35 32 2460622615
40 36 31 2451971804
40 37 30 2438358997
40 38 29 2418307635
40 39 28 2394156858
40 40 27 2362236812
41 33 33 2456280710
41 34 32 2453220920
41 35 31 2445053342
41 36 30 2434048005
41 37 29 2416468862
41 38 28 2391615015
41 39 27 2361314254
41 40 26 2323775437
41 41 25 2280979063
42 36 29 2411917246
42 39 26 2322018730
42 40 25 2280684656
42 41 24 2232304599
43 40 24 2238394427
43 41 23 2179232803
43 42 22 2119278592
43 43 21 2055001527
44 40 23 2176877787
44 41 22 2119490254
44 42 21 2054873719
44 43 20 1985885686
45 37 25 2298550212
45 38 24 2229437609
45 39 23 2188363810
45 40 22 2121813287
45 41 21 2054648924
1 -12 -3614141188092 87
35 35 35 -9936084485
36 35 34 -9944130608
36 36 33 -9957691966
37 34 34 -9962753738
37 35 33 -9968268975
37 36 32 -9964442756
37 37 31 -9995549803
38 34 33 -10000000000
38 35 32 -10000000000
38 36 31 -9985011439
38 37 30 -9961059126
38 38 29 -9942606506
39 33 33 -9963485040
39 34 32 -10000000000
39 35 31 -9982225839
39 36 30 -9958695367
39 37 29 -9952725739
39 38 28 -9919489766
39 39 27 -9913850410
40 33 32 -9947841938
40 34 31 -9969494355
40 35 30 -9954494151
40 36 29 -9958064216
40 37 28 -9927303117
40 38 27 -9910838567
40 39 26 -9908016032
40 40 25 -9902932266
41 32 32 -9931530831
41 33 31 -9935087606
41 34 30 -9920402333
41 35 29 -9942100553
41 36 28 -9961523217
41 37 27 -9934167940
41 38 26 -9922322831
41 39 25 -9910562564
41 40 24 -9919719212
41 41 23 -9930397126
42 32 31 -9898653335
42 33 30 -9896034928
42 34 29 -9915150710
42 35 28 -9916272422
42 36 27 -9906626049
42 37 26 -9907669177
42 38 25 -9975054108
42 39 24 -9936088340
42 40 23 -9918173236
42 41 22 -9932175087
42 42 21 -9935681896
43 31 31 -9855030720
43 32 30 -9853316457
43 33 29 -9860390716
43 34 28 -9932969003
43 35 27 -10000000000
43 36 26 -10000000000
43 37 25 -9885929445
43 38 24 -10000000000
43 39 23 -10000000000
43 40 22 -9920255900
43 41 21 -9934258332
43 42 20 -9950531861
43 43 19 -9936674087
44 31 30 -9803555533
44 32 29 -9803688455
44 33 28 -9871825738
44 34 27 -9988941672
44 35 26 -10000000000
44 36 25 -9882158750
44 37 24 -10000000000
44 38 23 -9880557091
44 39 22 -10000000000
44 40 21 -9913758600
44 41 20 -10000000000
44 42 19 -9964967298
44 43 18 -9904906735
45 30 30 -9769989867
45 31 29 -9831549748
45 32 28 -9771257484
45 33 27 -9925959374
45 34 26 -9801307749
45 35 25 -10000000000
45 36 24 -10000000000
45 37 23 -10000000000
45 38 22 -9849082803
45 39 21 -10000000000
45 40 20 -9936220915
45 41 19 -9950364012
45 42 18 -9948541441
44
14 13 13 5014216
14 14 12 0
15 13 12 0
15 14 11 1944481
15 15 10 1664737
16 12 12 767352
16 13 11 0
16 14 10 1150364
16 15 9 1349944
16 16 8 2299399
17 12 11 2681952
17 13 10 0
17 14 9 3217722
17 15 8 2202089
17 16 7 419298
17 17 6 2977790
18 11 11 1868022
18 12 10 2409059
18 13 9 2201237
18 14 8 1845550
18 15 7 2110709
18 16 6 1585079
18 17 5 3916551
18 18 4 1599695
19 11 10 0
19 12 9 1655966
19 13 8 1241676
19 14 7 0
19 15 6 0
19 16 5 0
19 17 4 0
19 18 3 0
19 19 2 0
20 10 10 0
20 11 9 235646
20 12 8 0
20 13 7 0
20 14 6 0
20 15 5 0
20 16 4 0
20 17 3 0
20 18 2 0
20 19 1 0
20 20 0 0
