107 106 62
687860485014 -687403840428
-440574 17855549 351092 15963476 -313773 7113951 -159782
97
45 41 23
45 40 24
45 39 25
45 38 26
45 37 27
45 36 28
45 35 29
45 34 30
45 33 31
45 32 32
44 42 23
44 41 24
44 40 25
44 39 26
44 38 27
44 37 28
44 36 29
44 35 30
44 34 31
44 33 32
43 43 23
43 42 24
43 41 25
43 40 26
43 39 27
43 38 28
43 37 29
43 36 30
43 35 31
43 34 32
43 33 33
45 38 25
45 37 26
45 36 27
45 35 28
45 34 29
45 33 30
45 32 31
44 40 24
44 39 25
44 38 26
44 37 27
44 36 28
44 35 29
44 34 30
44 33 31
44 32 32
43 40 25
43 39 26
43 38 27
43 37 28
43 36 29
43 35 30
43 34 31
43 33 32
45 35 27
45 34 28
45 33 29
45 32 30
44 38 25
44 37 26
44 36 27
44 35 28
44 34 29
44 33 30
44 32 31
43 35 29
45 33 28
42 35 32
42 42 25
42 36 31
42 41 26
42 40 27
42 39 28
42 38 29
42 37 30
42 34 33
43 42 23
43 41 24
42 42 24
42 40 26
42 38 28
42 37 29
42 34 32
43 38 26
43 37 27
43 36 28
43 34 30
43 33 31
43 32 32
42 41 25
42 39 27
42 35 31
42 33 33
44 41 23
42 36 30
45 39 24
26
45 45 7
45 43 15
44 44 15
45 42 20
44 43 22
41 41 27
41 40 28
41 39 29
41 38 30
41 37 31
41 36 32
41 35 33
41 34 34
45 40 23
44 42 22
45 31 31
44 39 24
43 39 25
42 42 23
42 38 27
42 37 28
42 34 31
42 33 32
44 34 28
45 36 26
42 35 30
117
45 41 23
45 40 24
45 39 25
45 38 26
45 37 27
45 36 28
45 35 29
45 34 30
45 33 31
45 32 32
44 42 23
44 41 24
44 40 25
44 39 26
44 38 27
44 37 28
44 36 29
44 35 30
44 34 31
44 33 32
43 43 23
43 42 24
43 41 25
43 40 26
43 39 27
43 38 28
43 37 29
43 36 30
43 35 31
43 34 32
43 33 33
45 38 25
45 37 26
45 36 27
45 35 28
45 34 29
45 33 30
45 32 31
44 40 24
44 39 25
44 38 26
44 37 27
44 36 28
44 35 29
44 34 30
44 33 31
44 32 32
43 40 25
43 39 26
43 38 27
43 37 28
43 36 29
43 35 30
43 34 31
43 33 32
45 35 27
45 34 28
45 33 29
45 32 30
44 38 25
44 37 26
44 36 27
44 35 28
44 34 29
44 33 30
44 32 31
43 35 29
45 33 28
42 35 32
42 42 25
42 36 31
42 41 26
42 40 27
42 39 28
42 38 29
42 37 30
42 34 33
43 42 23
43 41 24
42 42 24
42 40 26
42 38 28
42 37 29
42 34 32
43 38 26
43 37 27
43 36 28
43 34 30
43 33 31
43 32 32
42 41 25
42 39 27
42 35 31
42 33 33
44 41 23
42 36 30
45 39 24
41 41 27
41 40 28
41 39 29
41 38 30
41 37 31
41 36 32
41 35 33
41 34 34
45 40 23
45 31 31
44 39 24
43 39 25
42 42 23
42 38 27
42 37 28
42 34 31
42 33 32
44 34 28
45 36 26
42 35 30
18
112 112 29
112 111 35
112 110 45
111 111 45
111 108 56
110 109 56
109 109 57
112 105 58
111 106 58
112 104 59
111 105 59
112 103 60
111 104 60
112 102 61
111 103 61
111 102 62
112 109 51
111 110 51
33
40 1 475918720 44
14 13 13 5014216
14 14 12 0
15 13 12 0
15 14 11 1944481
15 15 10 1664737
16 12 12 767352
16 13 11 0
16 14 10 1150364
16 15 9 1349944
16 16 8 2299399
17 12 11 2681952
17 13 10 0
17 14 9 3217722
17 15 8 2202089
17 16 7 419298
17 17 6 2977790
18 11 11 1868022
18 12 10 2409059
18 13 9 2201237
18 14 8 1845550
18 15 7 2110709
18 16 6 1585079
18 17 5 3916551
18 18 4 1599695
19 11 10 0
19 12 9 1655966
19 13 8 1241676
19 14 7 0
19 15 6 0
19 16 5 0
19 17 4 0
19 18 3 0
19 19 2 0
20 10 10 0
20 11 9 235646
20 12 8 0
20 13 7 0
20 14 6 0
20 15 5 0
20 16 4 0
20 17 3 0
20 18 2 0
20 19 1 0
20 20 0 0
42 1 -1208716648 13
14 14 14 -9976716
15 14 13 -10000000
15 15 12 -10000000
16 14 12 -10000000
16 15 11 -9982078
17 16 9 -10000000
17 17 8 -9997176
18 12 12 -9962574
18 15 9 -10000000
18 16 8 -10000000
18 17 7 -10000000
18 18 6 -10000000
20 16 6 -10000000
42 1 -1209715486 13
14 14 14 -10000000
15 14 13 -10000000
15 15 12 -10000000
16 14 12 -10000000
16 15 11 -9990443
17 16 9 -9995341
17 17 8 -9999520
18 12 12 -9990809
18 15 9 -10000000
18 16 8 -10000000
18 17 7 -10000000
18 18 6 -10000000
20 16 6 -10000000
42 1 -1208710894 13
14 14 14 -9971490
15 14 13 -10000000
15 15 12 -9980472
16 14 12 -10000000
16 15 11 -9983901
17 16 9 -10000000
17 17 8 -10000000
18 12 12 -9987604
18 15 9 -9997949
18 16 8 -10000000
18 17 7 -10000000
18 18 6 -10000000
20 16 6 -10000000
42 1 -1199228590 13
14 14 14 -10000000
15 14 13 -10000000
15 15 12 -10000000
16 14 12 -9930802
16 15 11 -9898377
17 16 9 -9809135
17 17 8 -9923752
18 12 12 -9026445
18 15 9 -9496311
18 16 8 -9764489
18 17 7 -10000000
18 18 6 -10000000
20 16 6 -10000000
41 1 58774 36
14 14 13 463
15 13 13 -1000
15 14 12 -1000
15 15 11 -1000
16 13 12 80
16 14 11 -1000
16 15 10 -1000
16 16 9 -1000
17 12 12 64
17 13 11 -1000
17 14 10 -1000
17 15 9 -936
17 16 8 -1000
17 17 7 1000
18 12 11 -1000
18 13 10 -1000
18 14 9 -1000
18 15 8 743
18 16 7 -1000
18 17 6 -1000
18 18 5 1000
19 11 11 -1000
19 12 10 -1000
19 13 9 -1000
19 14 8 -1000
19 15 7 -1000
19 16 6 -1000
19 17 5 -1000
20 11 10 -1000
20 12 9 -1000
20 13 8 -1000
20 14 7 -1000
20 15 6 -1000
20 16 5 -1000
20 17 4 -1000
20 20 1 -1000
42 1 -1208155171 13
14 14 14 -9962413
15 14 13 -10000000
15 15 12 -10000000
16 14 12 -10000000
16 15 11 -10000000
17 16 9 -10000000
17 17 8 -9982996
18 12 12 -9861670
18 15 9 -9943552
18 16 8 -9996352
18 17 7 -10000000
18 18 6 -10000000
20 16 6 -10000000
42 1 -1208473579 13
14 14 14 -9962229
15 14 13 -10000000
15 15 12 -10000000
16 14 12 -10000000
16 15 11 -10000000
17 16 9 -10000000
17 17 8 -10000000
18 12 12 -9916045
18 15 9 -10000000
18 16 8 -9951118
18 17 7 -10000000
18 18 6 -10000000
20 16 6 -10000000
42 1 -120697520 13
14 14 14 -995043
15 14 13 -1000000
15 15 12 -1000000
16 14 12 -999257
16 15 11 -1000000
17 16 9 -995825
17 17 8 -999788
18 12 12 -976353
18 15 9 -982661
18 16 8 -998163
18 17 7 -1000000
18 18 6 -1000000
20 16 6 -1000000
42 1 -120580275 13
14 14 14 -993835
15 14 13 -1000000
15 15 12 -1000000
16 14 12 -1000000
16 15 11 -1000000
17 16 9 -991809
17 17 8 -993685
18 12 12 -958409
18 15 9 -991106
18 16 8 -998653
18 17 7 -1000000
18 18 6 -999069
20 16 6 -1000000
42 1 -120865961 13
14 14 14 -995313
15 14 13 -1000000
15 15 12 -1000000
16 14 12 -1000000
16 15 11 -1000000
17 16 9 -1000000
17 17 8 -1000000
18 12 12 -1000000
18 15 9 -991097
18 16 8 -1000000
18 17 7 -1000000
18 18 6 -1000000
20 16 6 -1000000
42 1 -120559116 13
14 14 14 -997481
15 14 13 -1000000
15 15 12 -1000000
16 14 12 -1000000
16 15 11 -998259
17 16 9 -992046
17 17 8 -1000000
18 12 12 -944821
18 15 9 -971967
18 16 8 -995574
18 17 7 -1000000
18 18 6 -1000000
20 16 6 -1000000
42 1 -12078964695 13
14 14 14 -99853294
15 14 13 -100000000
15 15 12 -99873550
16 14 12 -99901795
16 15 11 -99644817
17 16 9 -99652294
17 17 8 -99728414
18 12 12 -99227481
18 15 9 -99270864
18 16 8 -99738305
18 17 7 -100000000
18 18 6 -100000000
20 16 6 -100000000
42 1 -12079033618 13
14 14 14 -99844594
15 14 13 -100000000
15 15 12 -99995152
16 14 12 -99702431
16 15 11 -99951155
17 16 9 -99643014
17 17 8 -99831747
18 12 12 -99188148
18 15 9 -99342573
18 16 8 -99636512
18 17 7 -100000000
18 18 6 -100000000
20 16 6 -100000000
42 1 -12081740098 13
14 14 14 -99975568
15 14 13 -100000000
15 15 12 -100000000
16 14 12 -99933245
16 15 11 -99569799
17 16 9 -99639200
17 17 8 -99832570
18 12 12 -99187963
18 15 9 -99342491
18 16 8 -99636466
18 17 7 -100000000
18 18 6 -100000000
20 16 6 -100000000
42 1 -12078893080 13
14 14 14 -99589005
15 14 13 -100000000
15 15 12 -99987413
16 14 12 -100000000
16 15 11 -100000000
17 16 9 -99788526
17 17 8 -99802455
18 12 12 -98749086
18 15 9 -99502684
18 16 8 -100000000
18 17 7 -99862955
18 18 6 -100000000
20 16 6 -100000000
42 1 -12060940828 13
14 14 14 -99595867
15 14 13 -100000000
15 15 12 -99935165
16 14 12 -99560054
16 15 11 -100000000
17 16 9 -99681054
17 17 8 -99454205
18 12 12 -97980830
18 15 9 -99180048
18 16 8 -99655553
18 17 7 -100000000
18 18 6 -100000000
20 16 6 -100000000
42 1 -12072262069 13
14 14 14 -99131119
15 14 13 -99882802
15 15 12 -100000000
16 14 12 -100000000
16 15 11 -100000000
17 16 9 -100000000
17 17 8 -100000000
18 12 12 -99286976
18 15 9 -100000000
18 16 8 -100000000
18 17 7 -100000000
18 18 6 -100000000
20 16 6 -100000000
42 1 -11961588514 13
14 14 14 -99929712
15 14 13 -100000000
15 15 12 -100000000
16 14 12 -98926352
16 15 11 -98640262
17 16 9 -97198166
17 17 8 -99133604
18 12 12 -89128555
18 15 9 -94097334
18 16 8 -97274508
18 17 7 -100000000
18 18 6 -100000000
20 16 6 -100000000
41 1 942856 36
14 14 13 10000
15 13 13 -10000
15 14 12 -10000
15 15 11 -10000
16 13 12 7873
16 14 11 -10000
16 15 10 -10000
16 16 9 -10000
17 12 12 2764
17 13 11 8359
17 14 10 -10000
17 15 9 -10000
17 16 8 4047
17 17 7 3679
18 12 11 8288
18 13 10 -10000
18 14 9 -10000
18 15 8 -10000
18 16 7 -10000
18 17 6 -10000
18 18 5 10000
19 11 11 -10000
19 12 10 -10000
19 13 9 -10000
19 14 8 -10000
19 15 7 -10000
19 16 6 -10000
19 17 5 -10000
20 11 10 -10000
20 12 9 -10000
20 13 8 -10000
20 14 7 -10000
20 15 6 -10000
20 16 5 -10000
20 17 4 -10000
20 20 1 -10000
42 1 -12028264876 13
14 14 14 -99342106
15 14 13 -100000000
15 15 12 -100000000
16 14 12 -99832449
16 15 11 -99553793
17 16 9 -98883112
17 17 8 -98456307
18 12 12 -93794803
18 15 9 -98708110
18 16 8 -98988633
18 17 7 -100000000
18 18 6 -100000000
20 16 6 -100000000
41 1 701006 36
14 14 13 5907
15 13 13 -10000
15 14 12 -10000
15 15 11 -10000
16 13 12 -10000
16 14 11 4838
16 15 10 -10000
16 16 9 3241
17 12 12 -10000
17 13 11 -10000
17 14 10 -10000
17 15 9 -10000
17 16 8 -10000
17 17 7 5792
18 12 11 6719
18 13 10 -10000
18 14 9 -10000
18 15 8 5424
18 16 7 4698
18 17 6 1935
18 18 5 10000
19 11 11 -10000
19 12 10 -10000
19 13 9 -10000
19 14 8 -10000
19 15 7 -10000
19 16 6 -10000
19 17 5 -10000
20 11 10 -10000
20 12 9 -10000
20 13 8 -10000
20 14 7 -10000
20 15 6 -10000
20 16 5 -10000
20 17 4 -10000
20 20 1 -10000
43 0 45 6
15 14 14 1
15 15 13 0
17 17 9 0
18 16 9 0
18 17 8 0
18 18 7 0
43 0 21 6
15 14 14 0
15 15 13 1
17 17 9 0
18 16 9 0
18 17 8 0
18 18 7 0
43 0 18 6
15 14 14 0
15 15 13 0
17 17 9 1
18 16 9 0
18 17 8 0
18 18 7 0
43 0 17 6
15 14 14 0
15 15 13 0
17 17 9 0
18 16 9 1
18 17 8 0
18 18 7 0
43 0 18 6
15 14 14 0
15 15 13 0
17 17 9 0
18 16 9 0
18 17 8 1
18 18 7 0
43 0 2 6
15 14 14 0
15 15 13 0
17 17 9 0
18 16 9 0
18 17 8 0
18 18 7 1
44 0 66 3
15 15 14 1
18 17 9 0
18 18 8 0
44 0 44 3
15 15 14 0
18 17 9 1
18 18 8 0
44 0 11 3
15 15 14 0
18 17 9 0
18 18 8 1
45 0 66 2
15 15 15 1
18 18 9 0
45 0 55 2
15 15 15 0
18 18 9 1
47
36 36 35 5 250000000000 -3459206 -45442563 2902349 -42125125 2717402 0 0 0 0 0 0 0 0 0 0 0 0 0 0 0 0 0 0 0 0 0 0 0 0 0 0 0 0 0 0 0 0 0
37 35 35 5 247256916776 -3250112 -28064991 1462566 -68511407 4767217 0 0 0 0 0 0 0 0 0 0 0 0 0 0 0 0 0 0 0 0 0 0 0 0 0 0 0 0 0 0 0 0 0
37 36 34 7 244530119257 -3066593 -38515626 2143376 -37537290 2317308 -59406710 3972110 0 0 0 0 0 0 0 0 0 0 0 0 0 0 0 0 0 0 0 0 0 0 0 0 0 0 0 0 0 0 0 0 0
37 37 33 5 236189357770 -2686854 -37288786 2068015 -39690407 2415817 0 0 0 0 0 0 0 0 0 0 0 0 0 0 0 0 0 0 0 0 0 0 0 0 0 0 0 0 0 0 0 0 0
38 35 34 7 239107851569 -2925133 -29866063 1380999 -38127237 2154299 -71736169 5095732 0 0 0 0 0 0 0 0 0 0 0 0 0 0 0 0 0 0 0 0 0 0 0 0 0 0 0 0 0 0 0 0 0
38 36 33 7 233510173306 -2400310 -27920259 1106035 -32555639 1714639 -52420024 3376368 0 0 0 0 0 0 0 0 0 0 0 0 0 0 0 0 0 0 0 0 0 0 0 0 0 0 0 0 0 0 0 0 0
38 37 32 7 222256681514 -2999793 -39578560 2073164 -40710930 2865010 -53583525 3583996 0 0 0 0 0 0 0 0 0 0 0 0 0 0 0 0 0 0 0 0 0 0 0 0 0 0 0 0 0 0 0 0 0
38 38 31 5 207535523054 -3290579 -17196485 244052 -54207171 3914021 0 0 0 0 0 0 0 0 0 0 0 0 0 0 0 0 0 0 0 0 0 0 0 0 0 0 0 0 0 0 0 0 0
39 34 34 5 228307672070 -3104347 -47724128 2866878 -92296240 6895315 0 0 0 0 0 0 0 0 0 0 0 0 0 0 0 0 0 0 0 0 0 0 0 0 0 0 0 0 0 0 0 0 0
39 35 33 7 225472619914 -2573453 -16160226 306203 -56913940 3480395 -72343712 5068475 0 0 0 0 0 0 0 0 0 0 0 0 0 0 0 0 0 0 0 0 0 0 0 0 0 0 0 0 0 0 0 0 0
39 36 32 7 217122580277 -2253567 -24598067 844617 -22441182 1003973 -51431163 3404202 0 0 0 0 0 0 0 0 0 0 0 0 0 0 0 0 0 0 0 0 0 0 0 0 0 0 0 0 0 0 0 0 0
39 37 31 7 206720037887 -2771814 -32619955 1465028 -67385879 4730858 -38426990 2551983 0 0 0 0 0 0 0 0 0 0 0 0 0 0 0 0 0 0 0 0 0 0 0 0 0 0 0 0 0 0 0 0 0
39 38 30 7 195502944919 -3019782 -6966127 -667923 -38658234 2472197 -40952978 2730308 0 0 0 0 0 0 0 0 0 0 0 0 0 0 0 0 0 0 0 0 0 0 0 0 0 0 0 0 0 0 0 0 0
39 39 29 5 177416026572 -3419923 -492910 -1237400 -32306991 2106457 0 0 0 0 0 0 0 0 0 0 0 0 0 0 0 0 0 0 0 0 0 0 0 0 0 0 0 0 0 0 0 0 0
40 34 33 7 212499669119 -2976569 -23496856 773203 -6384430 268879 -65666935 4813955 0 0 0 0 0 0 0 0 0 0 0 0 0 0 0 0 0 0 0 0 0 0 0 0 0 0 0 0 0 0 0 0 0
40 35 32 7 209075476086 -2639115 -4826813 -734889 -62588268 4116819 -75017019 5442286 0 0 0 0 0 0 0 0 0 0 0 0 0 0 0 0 0 0 0 0 0 0 0 0 0 0 0 0 0 0 0 0 0
40 36 31 7 205839038837 -2060733 -25201964 955881 -33844366 1717399 -15024752 781722 0 0 0 0 0 0 0 0 0 0 0 0 0 0 0 0 0 0 0 0 0 0 0 0 0 0 0 0 0 0 0 0 0
40 37 30 7 194086253283 -3001208 -7728966 -617836 -37673288 2528764 4436861 -388873 0 0 0 0 0 0 0 0 0 0 0 0 0 0 0 0 0 0 0 0 0 0 0 0 0 0 0 0 0 0 0 0 0
40 38 29 7 176067406604 -4219532 40425859 -4440714 -49790196 3678876 -8816024 517807 0 0 0 0 0 0 0 0 0 0 0 0 0 0 0 0 0 0 0 0 0 0 0 0 0 0 0 0 0 0 0 0 0
40 39 28 7 151993182824 -4305826 31309852 -3768522 -23651939 1506728 -6150747 571484 0 0 0 0 0 0 0 0 0 0 0 0 0 0 0 0 0 0 0 0 0 0 0 0 0 0 0 0 0 0 0 0 0
40 40 27 5 121916493693 -4931324 32309775 -4220745 -3455694 507024 -2 0 0 0 0 0 0 0 0 0 0 0 0 0 0 0 0 0 0 0 0 0 0 0 0 0 0 0 0 0 0 0 0
41 33 33 5 202018133309 -2561672 10754816 -1474704 7521385 -418767 0 0 0 0 0 0 0 0 0 0 0 0 0 0 0 0 0 0 0 0 0 0 0 0 0 0 0 0 0 0 0 0 0
41 34 32 7 202468912569 -3142422 38057871 -3342991 -64477987 4247405 -30018108 2237341 0 0 0 0 0 0 0 0 0 0 0 0 0 0 0 0 0 0 0 0 0 0 0 0 0 0 0 0 0 0 0 0 0
41 35 31 7 199980215428 -3396733 61283522 -5307827 -40107877 2488632 753680 -178493 0 0 0 0 0 0 0 0 0 0 0 0 0 0 0 0 0 0 0 0 0 0 0 0 0 0 0 0 0 0 0 0 0
41 36 30 7 190711786992 -3891210 50651940 -4312933 -19329009 809363 -1899415 75200 0 0 0 0 0 0 0 0 0 0 0 0 0 0 0 0 0 0 0 0 0 0 0 0 0 0 0 0 0 0 0 0 0
41 37 29 7 172046203993 -3863919 37062288 -4176961 7743970 -647794 46904164 -2957725 0 0 0 0 0 0 0 0 0 0 0 0 0 0 0 0 0 0 0 0 0 0 0 0 0 0 0 0 0 0 0 0 0
41 38 28 7 148792441467 -6085451 30234602 -3768522 -48570359 4727801 -9296783 998361 0 0 0 0 0 0 0 0 0 0 0 0 0 0 0 0 0 0 0 0 0 0 0 0 0 0 0 0 0 0 0 0 0
41 39 27 7 120498853671 -4317431 32461199 -4220745 -15644953 1078224 13881888 -758073 0 0 0 0 0 0 0 0 0 0 0 0 0 0 0 0 0 0 0 0 0 0 0 0 0 0 0 0 0 0 0 0 0
41 40 26 7 85459671608 -6000051 21553569 -3349032 37812698 -1716155 14777419 -469405 0 0 0 0 0 0 0 0 0 0 0 0 0 0 0 0 0 0 0 0 0 0 0 0 0 0 0 0 0 0 0 0 0
41 41 25 5 43612494524 -8318365 231027 -875409 59523542 -2546790 0 0 0 0 0 0 0 0 0 0 0 0 0 0 0 0 0 0 0 0 0 0 0 0 0 0 0 0 0 0 0 0 0
42 36 29 7 169159909803 -2610578 -47945646 2523999 -59675811 3988067 -167692932 10081576 0 0 0 -1322 0 0 0 0 0 0 -14 -173 -435 0 0 0 0 0 0 0 0 0 0 0 0 0 0 0 0 0 0 0 0
42 39 26 7 82537770686 -4644605 10485044 -2517007 -20910019 1552287 -102341656 6690216 0 0 0 -906 0 0 0 0 0 -603 -2438 0 -216 0 0 0 -45 0 0 0 -1 0 0 0 0 0 0 0 0 0 0 0 0
42 40 25 7 42376237135 -6701400 -25863201 1549165 40205434 -1957059 -46152450 3842756 0 0 -7554 -573 0 0 0 0 0 0 0 -9023 0 0 0 0 0 0 0 0 0 0 0 0 0 0 0 0 0 0 0 0 0
42 41 24 7 -3900107857 -9181698 -45281574 6099644 91979397 -5307558 -85689600 6690216 0 0 0 0 -388 0 0 0 0 0 0 -16877 0 0 -134 0 0 0 0 0 0 0 0 0 0 0 0 0 0 0 0 0 0
43 40 24 7 -2375071033 -4980143 -53261305 3684413 62514276 -3967282 -145053670 8039921 0 0 0 0 0 0 0 0 0 0 0 0 0 0 0 0 0 0 0 0 0 0 5051738596 5000000000 4462956579 4474774538 4373895505 4201680672 0 0 0 0 0
43 41 23 7 -57782127796 -10402583 -51240870 5202693 179953212 -10792369 -85598735 -8506439 0 0 0 0 0 0 0 0 0 0 0 0 0 0 0 0 0 0 0 0 0 0 10221808448 10000000000 4854368932 3986032696 2351689791 -491264064 0 0 0 0 0
43 42 22 7 -115325141269 -10102563 -134053433 16331011 -114231460 7945571 -86257413 -8506439 0 0 0 0 -135 0 0 0 0 0 0 -20818 0 0 0 0 0 0 0 0 -14 0 10257383319 10000000000 4854368932 4642477328 2706352815 -463491641 0 0 0 0 0
43 43 21 5 -179619279985 -5101551 -214370862 27847396 -106022053 -1829356 0 0 0 0 0 0 0 0 0 0 0 0 0 0 0 0 0 0 0 0 0 0 5128251314 5000000000 2427184466 2135575459 1185909643 -642337439 0 0 0 0 0
44 40 23 7 -54544676516 -6760848 -109153926 9098523 33623244 -2457315 126939681 -11375011 -2 0 0 0 0 0 0 0 0 0 0 0 0 0 0 0 0 0 0 0 0 0 0 0 0 0 0 0 7575757576 5512440074 4545454545 0 0
44 41 22 7 -117416405189 -9363276 -88617406 8082672 179039583 -10821925 194250194 11375011 0 0 0 0 0 0 0 0 0 0 0 0 0 0 0 0 0 0 0 0 0 0 0 0 0 0 0 0 -6996204573 1259541424 4545454545 0 0
44 42 21 7 -180274410680 -6611671 -122074598 13923698 -113610543 6631515 119828136 -11375011 0 0 0 0 -66 0 0 0 0 0 0 -22248 0 0 0 0 0 0 0 0 -34 0 0 0 0 0 0 0 7575757576 5511731110 4545454545 0 0
44 43 20 7 -250000000000 -4523479 -239254311 32488629 -145053670 6899301 -194250194 5826064 0 0 0 0 0 0 0 0 0 0 0 0 0 0 0 0 0 0 0 0 0 0 5291625870 5306813644 4854368932 4684427853 4773235173 4201680672 7575757576 5294387420 4545454545 0 0
45 37 25 7 99028182159 -6227106 6828503 -3254469 55283091 -4594756 -280583614 -16109877 0 0 0 0 0 0 0 0 0 0 0 0 0 0 0 0 0 0 0 0 0 0 0 0 0 0 0 0 0 0 0 7575757576 -7575757576
45 38 24 7 12654431977 -5510242 -118894524 7740873 -5260390 -351566 -280583614 -16266335 0 0 0 0 0 0 0 0 0 0 0 0 0 0 0 0 0 0 0 0 0 0 0 0 0 0 0 0 0 0 0 7575757576 -7575757576
45 39 23 7 -59684290448 -11363232 -68451815 2862701 129048910 -7328220 -280583614 -15601247 0 0 0 0 0 0 0 0 0 0 0 0 0 0 0 0 0 0 0 0 0 0 0 0 0 0 0 0 0 0 0 7575757576 -7575757576
45 40 22 7 -114486627785 -8042841 -128290455 12285902 86069431 -5588168 -280583614 -14452660 0 0 0 0 0 0 0 0 0 0 0 0 0 0 0 0 0 0 0 0 0 0 0 0 0 0 0 0 0 0 0 7575757576 -7575757576
45 41 21 7 -180562329465 -8694273 -60776412 5106850 167559780 -10821925 -280583614 -14433176 0 0 0 0 0 0 0 0 0 0 0 0 0 0 0 0 0 0 0 0 0 0 0 0 0 0 0 0 0 0 0 7575757576 -7575757576
11
0 0 -321639387 47
36 36 35 -872319
37 35 35 -873685
37 36 34 -874949
37 37 33 -878403
38 35 34 -877619
38 36 33 -879578
38 37 32 -882624
38 38 31 -884836
39 34 34 -882328
39 35 33 -882919
39 36 32 -884457
39 37 31 -880702
39 38 30 -880029
39 39 29 -877301
40 34 33 -877615
40 35 32 -877374
40 36 31 -867856
40 37 30 -864201
40 38 29 -868848
40 39 28 -864582
40 40 27 -872844
41 33 33 -861724
41 34 32 -857376
41 35 31 -855432
41 36 30 -850301
41 37 29 -852247
41 38 28 -859767
41 39 27 -868204
41 40 26 -876348
41 41 25 -889029
42 36 29 -831014
42 39 26 -869539
42 40 25 -884036
42 41 24 -898873
43 40 24 -892915
43 41 23 -912581
43 42 22 -940850
43 43 21 -970175
44 40 23 -906743
44 41 22 -928116
44 42 21 -964755
44 43 20 -1000000
45 37 25 -835484
45 38 24 -861397
45 39 23 -887879
45 40 22 -922117
45 41 21 -946624
0 0 -345314329 47
36 36 35 -948187
37 35 35 -949198
37 36 34 -949981
37 37 33 -952135
38 35 34 -951875
38 36 33 -953038
38 37 32 -954642
38 38 31 -950933
39 34 34 -955225
39 35 33 -955478
39 36 32 -954493
39 37 31 -947505
39 38 30 -945866
39 39 29 -947251
40 34 33 -943707
40 35 32 -944109
40 36 31 -937088
40 37 30 -934005
40 38 29 -937070
40 39 28 -936480
40 40 27 -937393
41 33 33 -931256
41 34 32 -927762
41 35 31 -926801
41 36 30 -926036
41 37 29 -928271
41 38 28 -930175
41 39 27 -934028
41 40 26 -938362
41 41 25 -941813
42 36 29 -914077
42 39 26 -932580
42 40 25 -938276
42 41 24 -945843
43 40 24 -940583
43 41 23 -950671
43 42 22 -964162
43 43 21 -983881
44 40 23 -946895
44 41 22 -956607
44 42 21 -976037
44 43 20 -1000000
45 37 25 -895335
45 38 24 -917852
45 39 23 -939843
45 40 22 -950482
45 41 21 -958483
0 0 -32290411632 47
36 36 35 -87236481
37 35 35 -87434540
37 36 34 -87608167
37 37 33 -88131656
38 35 34 -88029983
38 36 33 -88330645
38 37 32 -88963934
38 38 31 -89023639
39 34 34 -88852722
39 35 33 -88980030
39 36 32 -89378540
39 37 31 -88216102
39 38 30 -88277705
39 39 29 -87400982
40 34 33 -88807640
40 35 32 -88083487
40 36 31 -87808692
40 37 30 -87327083
40 38 29 -87342933
40 39 28 -87528827
40 40 27 -87833382
41 33 33 -88353531
41 34 32 -87300825
41 35 31 -86671224
41 36 30 -85828815
41 37 29 -86491539
41 38 28 -87064643
41 39 27 -87739000
41 40 26 -88640308
41 41 25 -89724729
42 36 29 -84506245
42 39 26 -88370378
42 40 25 -89706225
42 41 24 -91088543
43 40 24 -89950086
43 41 23 -92687989
43 42 22 -94765922
43 43 21 -97490956
44 40 23 -89984231
44 41 22 -94392113
44 42 21 -97031790
44 43 20 -100000000
45 37 25 -84497218
45 38 24 -87235977
45 39 23 -87058652
45 40 22 -91291425
45 41 21 -95381210
0 0 -384305585288 47
36 36 35 -1068464059
37 35 35 -1069376439
37 36 34 -1069659045
37 37 33 -1070000000
38 35 34 -1070000000
38 36 33 -1068963107
38 37 32 -1068837423
38 38 31 -1065021896
39 34 34 -1070000000
39 35 33 -1070000000
39 36 32 -1064899861
39 37 31 -1060138472
39 38 30 -1048753200
39 39 29 -1038927838
40 34 33 -1069129922
40 35 32 -1062151238
40 36 31 -1049371089
40 37 30 -1043530165
40 38 29 -1036412897
40 39 28 -1033273693
40 40 27 -1027790005
41 33 33 -1051984442
41 34 32 -1046249068
41 35 31 -1032418771
41 36 30 -1029348797
41 37 29 -1026333880
41 38 28 -1027628667
41 39 27 -1026699334
41 40 26 -1024962507
41 41 25 -1025615389
42 36 29 -1008353733
42 39 26 -1022512767
42 40 25 -1022552854
42 41 24 -1026934916
43 40 24 -1023832502
43 41 23 -1030141920
43 42 22 -1042049287
43 43 21 -1054004695
44 40 23 -1024095184
44 41 22 -1037059190
44 42 21 -1051894426
44 43 20 -1060771068
45 37 25 -988375431
45 38 24 -1002102865
45 39 23 -1013471220
45 40 22 -1024417612
45 41 21 -1038300455
0 0 -3594408049665 47
36 36 35 -9887396906
37 35 35 -9900582036
37 36 34 -9909196942
37 37 33 -9905998413
38 35 34 -9930316624
38 36 33 -9918608127
38 37 32 -9873398989
38 38 31 -9850184622
39 34 34 -9932476814
39 35 33 -9927733706
39 36 32 -9860278697
39 37 31 -9858439048
39 38 30 -9811966626
39 39 29 -9738992673
40 34 33 -9797220632
40 35 32 -9807904746
40 36 31 -9770200286
40 37 30 -9743048056
40 38 29 -9689644818
40 39 28 -9694092644
40 40 27 -9694717534
41 33 33 -9608582435
41 34 32 -9625979304
41 35 31 -9623957102
41 36 30 -9572630462
41 37 29 -9569592612
41 38 28 -9613176386
41 39 27 -9653385841
41 40 26 -9707927592
41 41 25 -9781696585
42 36 29 -9408973099
42 39 26 -9633216865
42 40 25 -9739624690
42 41 24 -9864544402
43 40 24 -9761145140
43 41 23 -9940059848
43 42 22 -10136225477
43 43 21 -10343550294
44 40 23 -9779915741
44 41 22 -10034733629
44 42 21 -10300324545
44 43 20 -10530742157
45 37 25 -9129965087
45 38 24 -9531195394
45 39 23 -9779534144
45 40 22 -10020600417
45 41 21 -10235330035
0 0 -20495794677669732 47
36 36 35 -56390805910570
37 35 35 -56439343951030
37 36 34 -56462897914468
37 37 33 -56520634082290
38 35 34 -56580189804664
38 36 33 -56584346665714
38 37 32 -56592537203124
38 38 31 -56564067324912
39 34 34 -56640189226098
39 35 33 -56655376152267
39 36 32 -56623983426628
39 37 31 -56556797857192
39 38 30 -56438332282789
39 39 29 -56335553157976
40 34 33 -56556450655494
40 35 32 -56599477803526
40 36 31 -56531993162266
40 37 30 -56453287388461
40 38 29 -56354191963504
40 39 28 -56239115896597
40 40 27 -56200312675006
41 33 33 -56395807603923
41 34 32 -56448751924019
41 35 31 -56441902067346
41 36 30 -56427967219921
41 37 29 -56414607491544
41 38 28 -56301906079151
41 39 27 -56232993796804
41 40 26 -56200550852916
41 41 25 -56214695266506
42 36 29 -56360708136180
42 39 26 -56291417356787
42 40 25 -56283957476186
42 41 24 -56280830254640
43 40 24 -56421123801188
43 41 23 -56343977852585
43 42 22 -56324585272858
43 43 21 -56369708472532
44 40 23 -56436906308836
44 41 22 -56360551598478
44 42 21 -56400345197896
44 43 20 -56465686774008
45 37 25 -56400864469300
45 38 24 -56539348511908
45 39 23 -56365004968996
45 40 22 -56413225972705
45 41 21 -56420463016015
0 0 743509294619 47
36 36 35 1954901683
37 35 35 1957495137
37 36 34 1960221725
37 37 33 1968433700
38 35 34 1965372129
38 36 33 1970961304
38 37 32 1982236283
38 38 31 1999228563
39 34 34 1975685107
39 35 33 1978544114
39 36 32 1987211324
39 37 31 2001676000
39 38 30 2021918816
39 39 29 2048141625
40 34 33 1991265878
40 35 32 1997191468
40 36 31 2009570899
40 37 30 2028495792
40 38 29 2052505941
40 39 28 2081601346
40 40 27 2118398209
41 33 33 2010045665
41 34 32 2013647657
41 35 31 2023515236
41 36 30 2039440108
41 37 29 2060563329
41 38 28 2086884899
41 39 27 2118692109
41 40 26 2158568303
41 41 25 2201532115
42 36 29 2074944305
42 39 26 2162857495
42 40 25 2206433855
42 41 24 2252037627
43 40 24 2258206677
43 41 23 2308385116
43 42 22 2365855638
43 43 21 2429684796
44 40 23 2315151957
44 41 22 2370174321
44 42 21 2432295383
44 43 20 2500000000
45 37 25 2244799676
45 38 24 2292356180
45 39 23 2332194735
45 40 22 2382439787
45 41 21 2437926336
0 0 880824437518 47
36 36 35 2500000000
37 35 35 2497437146
37 36 34 2494764064
37 37 33 2486806340
38 35 34 2489775135
38 36 33 2484387092
38 37 32 2473805004
38 38 31 2457931873
39 34 34 2479893988
39 35 33 2477219017
39 36 32 2469207924
39 37 31 2455913351
39 38 30 2439383839
39 39 29 2418618876
40 34 33 2466160243
40 35 32 2460622615
40 36 31 2451971804
40 37 30 2438358997
40 38 29 2418307635
40 39 28 2394156858
40 40 27 2362236812
41 33 33 2456280710
41 34 32 2453220920
41 35 31 2445053342
41 36 30 2434048005
41 37 29 2416468862
41 38 28 2391615015
41 39 27 2361314254
41 40 26 2323775437
41 41 25 2280979063
42 36 29 2411917246
42 39 26 2322018730
42 40 25 2280684656
42 41 24 2232304599
43 40 24 2238394427
43 41 23 2179232803
43 42 22 2119278592
43 43 21 2055001527
44 40 23 2176877787
44 41 22 2119490254
44 42 21 2054873719
44 43 20 1985885686
45 37 25 2298550212
45 38 24 2229437609
45 39 23 2188363810
45 40 22 2121813287
45 41 21 2054648924
1 0 -3591640984 79
36 35 35 -9983147
36 36 34 -9990785
37 35 34 -10000000
37 36 33 -10000000
37 37 32 -10000000
38 34 34 -10000000
38 35 33 -10000000
38 36 32 -9968579
38 37 31 -10000000
38 38 30 -9839416
39 34 33 -10000000
39 35 32 -10000000
39 36 31 -9878915
39 37 30 -9826407
39 38 29 -9720417
39 39 28 -9680528
40 33 33 -10000000
40 34 32 -9973634
40 35 31 -9783564
40 36 30 -9742135
40 37 29 -9667163
40 38 28 -9663587
40 39 27 -9613310
40 40 26 -9582415
41 33 32 -9727037
41 34 31 -9581588
41 35 30 -9546357
41 36 29 -9541747
41 37 28 -9549502
41 38 27 -9590733
41 39 26 -9574631
41 40 25 -9580702
41 41 24 -9599913
42 32 32 -9453950
42 33 31 -9347118
42 34 30 -9323995
42 35 29 -9341420
42 36 28 -9355491
42 37 27 -9393613
42 38 26 -9558163
42 39 25 -9523458
42 40 24 -9569002
42 41 23 -9642062
42 42 22 -9724727
43 32 31 -9020433
43 33 30 -9000511
43 34 29 -9078628
43 35 28 -9081546
43 36 27 -9162434
43 37 26 -9473305
43 38 25 -9520897
43 39 24 -9566410
43 40 23 -9571209
43 41 22 -9700595
43 42 21 -9839138
43 43 20 -9897087
44 31 31 -8734924
44 32 30 -8675615
44 33 29 -8709989
44 35 27 -8996391
44 36 26 -9222233
44 37 25 -9378232
44 38 24 -9465191
44 39 23 -9537124
44 40 22 -9629436
44 41 21 -9792097
44 42 20 -9890680
44 43 19 -10000000
45 31 30 -8249935
45 32 29 -8277881
45 34 27 -8582204
45 35 26 -8885840
45 36 25 -9063418
45 37 24 -9240341
45 38 23 -9376513
45 39 22 -9505071
45 40 21 -9585916
45 41 20 -9744454
45 42 19 -9948755
1 -30 -33592598595 79
36 35 35 -92355348
36 36 34 -92508910
37 35 34 -92620488
37 36 33 -92706756
37 37 32 -92293893
38 34 34 -92736938
38 35 33 -93086625
38 36 32 -92261603
38 37 31 -92267242
38 38 30 -91544330
39 34 33 -92878474
39 35 32 -92321477
39 36 31 -91828219
39 37 30 -92334597
39 38 29 -91100769
39 39 28 -90797679
40 33 33 -90472345
40 34 32 -91091574
40 35 31 -91463768
40 36 30 -90463738
40 37 29 -90083529
40 38 28 -90428964
40 39 27 -90551996
40 40 26 -90761402
41 33 32 -89382065
41 34 31 -89132330
41 35 30 -88848744
41 36 29 -88835414
41 37 28 -89284745
41 38 27 -89741734
41 39 26 -90400977
41 40 25 -91179655
41 41 24 -92198595
42 32 32 -86856255
42 33 31 -87395204
42 34 30 -87178352
42 35 29 -87233195
42 36 28 -87499679
42 37 27 -88343584
42 38 26 -89343531
42 39 25 -90460697
42 40 24 -91666052
42 41 23 -93078970
42 42 22 -94571645
43 32 31 -84296724
43 33 30 -84468141
43 34 29 -85019866
43 35 28 -85137238
43 36 27 -86189014
43 37 26 -87139663
43 38 25 -88432727
43 39 24 -90258558
43 40 23 -92048441
43 41 22 -94072959
43 42 21 -96299112
43 43 20 -98182222
44 31 31 -81256845
44 32 30 -81726283
44 33 29 -82156858
44 35 27 -83144003
44 36 26 -84406642
44 37 25 -85871220
44 38 24 -87757378
44 39 23 -89997608
44 40 22 -92603479
44 41 21 -95399127
44 42 20 -97923823
44 43 19 -100000000
45 31 30 -77622598
45 32 29 -78056738
45 34 27 -79291034
45 35 26 -80682168
45 36 25 -82143051
45 37 24 -89058692
45 38 23 -91578462
45 39 22 -93829642
45 40 21 -95466281
45 41 20 -96583419
45 42 19 -99131095
1 0 -383098965937752 79
36 35 35 -1053788184020
36 36 34 -1054538930620
37 35 34 -1055550358476
37 36 33 -1056118896790
37 37 32 -1057226357640
38 34 34 -1058584642044
38 35 33 -1058794221050
38 36 32 -1058169190776
38 37 31 -1058069148663
38 38 30 -1055318688756
39 34 33 -1058758491360
39 35 32 -1059431226848
39 36 31 -1057495132702
39 37 30 -1055534806663
39 38 29 -1053630435030
39 39 28 -1051308013228
40 33 33 -1055096969508
40 34 32 -1057250445252
40 35 31 -1056810654666
40 36 30 -1055451530596
40 37 29 -1054449195945
40 38 28 -1051520588962
40 39 27 -1050593153377
40 40 26 -1050117521476
41 33 32 -1053524840273
41 34 31 -1054074719482
41 35 30 -1053611358436
41 36 29 -1055080426057
41 37 28 -1053752489146
41 38 27 -1051745479404
41 39 26 -1050873874385
41 40 25 -1050435705766
41 41 24 -1051746506408
42 32 32 -1050638108342
42 33 31 -1050706322275
42 34 30 -1050576606838
42 35 29 -1052170398314
42 36 28 -1052755311678
42 37 27 -1051287285072
42 38 26 -1052580394436
42 39 25 -1053672946400
42 40 24 -1052107898168
42 41 23 -1052161808969
42 42 22 -1052887709020
43 32 31 -1046455886612
43 33 30 -1046500666465
43 34 29 -1049660865961
43 35 28 -1054053629251
43 36 27 -1055984920107
43 37 26 -1053063940181
43 38 25 -1054592645554
43 39 24 -1057251798620
43 40 23 -1054647334848
43 41 22 -1052367703945
43 42 21 -1053434340553
43 43 20 -1054479221786
44 31 31 -1041441794726
44 32 30 -1041370354814
44 33 29 -1043661856921
44 35 27 -1059612958520
44 36 26 -1056936127500
44 37 25 -1050620769330
44 38 24 -1057133370184
44 39 23 -1055341726549
44 40 22 -1054593948800
44 41 21 -1053571469208
44 42 20 -1057122747844
44 43 19 -1053900481607
45 31 30 -1038976177302
45 32 29 -1039142039447
45 34 27 -1051620303179
45 35 26 -1053045771215
45 36 25 -1054697143750
45 37 24 -1060000000000
45 38 23 -1051153973564
45 39 22 -1054114229317
45 40 21 -1054779776215
45 41 20 -1056392337755
45 42 19 -1055361104293
