108 106 61 16772577 699356293 -18952959 -627556152 12354611 -234405693 4013462 822 3493400953736 1271595953973582 1993186322
117
45 41 23
45 40 24
45 39 25
45 38 26
45 37 27
45 36 28
45 35 29
45 34 30
45 33 31
45 32 32
44 42 23
44 41 24
44 40 25
44 39 26
44 38 27
44 37 28
44 36 29
44 35 30
44 34 31
44 33 32
43 43 23
43 42 24
43 41 25
43 40 26
43 39 27
43 38 28
43 37 29
43 36 30
43 35 31
43 34 32
43 33 33
45 38 25
45 37 26
45 36 27
45 35 28
45 34 29
45 33 30
45 32 31
44 40 24
44 39 25
44 38 26
44 37 27
44 36 28
44 35 29
44 34 30
44 33 31
44 32 32
43 40 25
43 39 26
43 38 27
43 37 28
43 36 29
43 35 30
43 34 31
43 33 32
45 35 27
45 34 28
45 33 29
45 32 30
44 38 25
44 37 26
44 36 27
44 35 28
44 34 29
44 33 30
44 32 31
43 35 29
45 33 28
42 35 32
42 42 25
42 36 31
42 41 26
42 40 27
42 39 28
42 38 29
42 37 30
42 34 33
43 42 23
43 41 24
42 42 24
42 40 26
42 38 28
42 37 29
42 34 32
43 38 26
43 37 27
43 36 28
43 34 30
43 33 31
43 32 32
42 41 25
42 39 27
42 35 31
42 33 33
44 41 23
42 36 30
45 39 24
41 41 27
41 40 28
41 39 29
41 38 30
41 37 31
41 36 32
41 35 33
41 34 34
45 40 23
45 31 31
44 39 24
43 39 25
42 42 23
42 38 27
42 37 28
42 34 31
42 33 32
44 34 28
45 36 26
42 35 30
26
45 45 7
45 43 15
44 44 15
45 42 20
44 43 22
41 41 27
41 40 28
41 39 29
41 38 30
41 37 31
41 36 32
41 35 33
41 34 34
45 40 23
44 42 22
45 31 31
44 39 24
43 39 25
42 42 23
42 38 27
42 37 28
42 34 31
42 33 32
44 34 28
45 36 26
42 35 30
18
112 112 29
112 111 35
112 110 45
111 111 45
111 108 56
110 109 56
109 109 57
112 105 58
111 106 58
112 104 59
111 105 59
112 103 60
111 104 60
112 102 61
111 103 61
111 102 62
112 109 51
111 110 51
30
36 36 36 -107453652084
37 36 35 -107419829727
37 37 34 -107179160228
38 35 35 -107347824258
38 36 34 -107351907846
38 37 33 -107397703735
38 38 32 -107485211872
39 35 34 -107176538234
39 36 33 -106937401056
39 37 32 -107392350295
39 38 31 -106545166833
39 39 30 -104005799742
40 34 34 -106868214648
40 35 33 -106926976718
40 36 32 -105659653240
40 37 31 -104748319104
40 38 30 -102604956450
40 39 29 -99833507703
40 40 28 -97223546156
41 34 33 -106406456724
41 35 32 -105939077888
41 36 31 -102925017466
41 37 30 -100601241196
41 38 29 -98152581039
41 39 28 -96339197704
41 40 27 -95074188257
41 41 26 -94270820498
43 43 22 -100351808110
44 43 21 -101843943394
45 41 22 -92762853066
79
36 35 35 -92355348
36 36 34 -92508910
37 35 34 -92620488
37 36 33 -92706756
37 37 32 -92293893
38 34 34 -92736938
38 35 33 -93086625
38 36 32 -92261603
38 37 31 -92267242
38 38 30 -91544330
39 34 33 -92878474
39 35 32 -92321477
39 36 31 -91828219
39 37 30 -92334597
39 38 29 -91100769
39 39 28 -90797679
40 33 33 -90472345
40 34 32 -91091574
40 35 31 -91463768
40 36 30 -90463738
40 37 29 -90083529
40 38 28 -90428964
40 39 27 -90551996
40 40 26 -90761402
41 33 32 -89382065
41 34 31 -89132330
41 35 30 -88848744
41 36 29 -88835414
41 37 28 -89284745
41 38 27 -89741734
41 39 26 -90400977
41 40 25 -91179655
41 41 24 -92198595
42 32 32 -86856255
42 33 31 -87395204
42 34 30 -87178352
42 35 29 -87233195
42 36 28 -87499679
42 37 27 -88343584
42 38 26 -89343531
42 39 25 -90460697
42 40 24 -91666052
42 41 23 -93078970
42 42 22 -94571645
43 32 31 -84296724
43 33 30 -84468141
43 34 29 -85019866
43 35 28 -85137238
43 36 27 -86189014
43 37 26 -87139663
43 38 25 -88432727
43 39 24 -90258558
43 40 23 -92048441
43 41 22 -94072959
43 42 21 -96299112
43 43 20 -98182222
44 31 31 -81256845
44 32 30 -81726283
44 33 29 -82156858
44 35 27 -83144003
44 36 26 -84406642
44 37 25 -85871220
44 38 24 -87757378
44 39 23 -89997608
44 40 22 -92603479
44 41 21 -95399127
44 42 20 -97923823
44 43 19 -100000000
45 31 30 -77622598
45 32 29 -78056738
45 34 27 -79291034
45 35 26 -80682168
45 36 25 -82143051
45 37 24 -89058692
45 38 23 -91578462
45 39 22 -93829642
45 40 21 -95466281
45 41 20 -96583419
45 42 19 -99131095
