3
hist5_41_0 36 10 58774
14 14 13 463
15 13 13 -1000
15 14 12 -1000
15 15 11 -1000
16 13 12 80
16 14 11 -1000
16 15 10 -1000
16 16 9 -1000
17 12 12 64
17 13 11 -1000
17 14 10 -1000
17 15 9 -936
17 16 8 -1000
17 17 7 1000
18 12 11 -1000
18 13 10 -1000
18 14 9 -1000
18 15 8 743
18 16 7 -1000
18 17 6 -1000
18 18 5 1000
19 11 11 -1000
19 12 10 -1000
19 13 9 -1000
19 14 8 -1000
19 15 7 -1000
19 16 6 -1000
19 17 5 -1000
20 11 10 -1000
20 12 9 -1000
20 13 8 -1000
20 14 7 -1000
20 15 6 -1000
20 16 5 -1000
20 17 4 -1000
20 20 1 -1000
20 20 1 28 -76 11 -89 -11 -1000 -1000 -18962 56630 30 0
18 18 5 9 42 -5 42 -5 148 -201 10680 58774 6660 0
20 17 4 12 -89 -11 -16 -7 157 80 -12235 57852 1128 0
20 16 5 9 -89 7 -56 1 148 -432 -10768 56850 1341 0
19 17 5 8 -61 -7 51 2 -148 -282 -2508 58768 2433 0
19 16 6 5 61 1 -56 -8 -99 -222 1212 57623 2922 0
18 17 6 -9 45 5 -7 -7 67 -65 -2605 57894 8232 0
18 16 7 3 -45 -5 -34 8 -71 -11 -7905 57647 9693 0
17 17 7 -8 -51 7 -51 4 71 -69 -13871 56746 9249 0
17 16 8 4 51 3 -56 -8 -53 -79 -1046 57980 10611 0
hist5_41_4 36 10 942856
14 14 13 10000
15 13 13 -10000
15 14 12 -10000
15 15 11 -10000
16 13 12 7873
16 14 11 -10000
16 15 10 -10000
16 16 9 -10000
17 12 12 2764
17 13 11 8359
17 14 10 -10000
17 15 9 -10000
17 16 8 4047
17 17 7 3679
18 12 11 8288
18 13 10 -10000
18 14 9 -10000
18 15 8 -10000
18 16 7 -10000
18 17 6 -10000
18 18 5 10000
19 11 11 -10000
19 12 10 -10000
19 13 9 -10000
19 14 8 -10000
19 15 7 -10000
19 16 6 -10000
19 17 5 -10000
20 11 10 -10000
20 12 9 -10000
20 13 8 -10000
20 14 7 -10000
20 15 6 -10000
20 16 5 -10000
20 17 4 -10000
20 20 1 -10000
20 20 1 278 -889 -106 174 106 -10000 -10000 -79336 941090 30 0
18 18 5 39 449 16 449 16 113 456 97617 942856 6657 1
20 20 1
20 17 4 122 -889 34 159 65 -2469 -49 -60651 941176 1092 2
20 20 1
18 18 5
20 16 5 125 -633 106 556 79 -1481 -1066 29827 940980 1278 3
20 20 1
18 18 5
20 17 4
19 17 5 10 609 73 505 59 919 59 129402 941136 2295 4
20 20 1
18 18 5
20 17 4
20 16 5
19 16 6 107 -559 73 541 -2 -988 794 28187 940974 2688 5
20 20 1
18 18 5
20 17 4
20 16 5
19 17 5
18 17 6 47 449 22 -24 65 726 -101 69306 941465 7455 6
20 20 1
18 18 5
20 17 4
20 16 5
19 17 5
19 16 6
18 16 7 92 -449 50 108 79 -705 430 11407 941032 8013 7
20 20 1
18 18 5
20 17 4
20 16 5
19 17 5
19 16 6
18 17 6
17 17 7 138 505 -65 -46 65 -705 143 100558 941379 6642 8
20 20 1
18 18 5
20 17 4
20 16 5
19 17 5
19 16 6
18 17 6
18 16 7
17 16 8 108 -292 65 48 79 529 -30 59544 941451 7011 9
20 20 1
18 18 5
20 17 4
20 16 5
19 17 5
19 16 6
18 17 6
18 16 7
17 17 7
hist5_41_5 36 10 701006
14 14 13 5907
15 13 13 -10000
15 14 12 -10000
15 15 11 -10000
16 13 12 -10000
16 14 11 4838
16 15 10 -10000
16 16 9 3241
17 12 12 -10000
17 13 11 -10000
17 14 10 -10000
17 15 9 -10000
17 16 8 -10000
17 17 7 5792
18 12 11 6719
18 13 10 -10000
18 14 9 -10000
18 15 8 5424
18 16 7 4698
18 17 6 1935
18 18 5 10000
19 11 11 -10000
19 12 10 -10000
19 13 9 -10000
19 14 8 -10000
19 15 7 -10000
19 16 6 -10000
19 17 5 -10000
20 11 10 -10000
20 12 9 -10000
20 13 8 -10000
20 14 7 -10000
20 15 6 -10000
20 16 5 -10000
20 17 4 -10000
20 20 1 -10000
20 20 1 -278 -889 -106 -889 -106 -10000 -10000 -335374 663100 30 0
18 18 5 -97 449 -54 449 -54 634 180 9251 701006 6657 1
20 20 1
20 17 4 -6 -889 -106 15 6 719 -9091 -164538 698312 1092 2
20 20 1
18 18 5
20 16 5 125 -889 93 -516 79 -1481 -1279 -87622 699830 1278 3
20 20 1
18 18 5
20 17 4
19 17 5 105 -609 32 505 -65 -1481 586 1814 698664 2295 4
20 20 1
18 18 5
20 17 4
20 16 5
19 16 6 95 -609 -73 -556 -79 -988 268 -111389 698314 2688 5
20 20 1
18 18 5
20 17 4
20 16 5
19 17 5
18 17 6 37 -259 54 -505 62 -132 -25 -50516 699458 7455 6
20 20 1
18 18 5
20 17 4
20 16 5
19 17 5
19 16 6
18 16 7 113 -449 -14 -556 -10 -705 89 -47840 698627 8013 7
20 20 1
18 18 5
20 17 4
20 16 5
19 17 5
19 16 6
18 17 6
17 17 7 138 -505 17 175 -65 -705 -91 25067 698454 6642 8
20 20 1
18 18 5
20 17 4
20 16 5
19 17 5
19 16 6
18 17 6
18 16 7
17 16 8 108 343 -65 -556 79 529 -613 47411 698052 7011 9
20 20 1
18 18 5
20 17 4
20 16 5
19 17 5
19 16 6
18 17 6
18 16 7
17 17 7
