14,14,13 15,13,13 15,14,12 15,15,11 16,13,12 16,14,11 16,15,10 16,16,9 17,12,12 17,13,11 17,14,10 17,15,9 17,16,8 17,17,7 18,12,11 18,13,10 18,14,9 18,15,8 18,16,7 18,17,6 18,18,5 19,11,11 19,12,10 19,13,9 19,14,8 19,15,7 19,16,6 19,17,5 19,18,4 19,19,3 20,11,10 20,12,9 20,13,8 20,14,7 20,15,6 20,16,5 20,17,4 20,18,3 20,19,2 20,20,1 
30 15 20 1 0 0 0 6 0 0 0 12 24 0 0 0 2 4 6 0 1 0 0 0 0 0 0 0 0 0 0 0 0 0 0 0 0 0 0 0 990 0 1 16 25 
30 15 20 1 0 0 0 6 0 0 0 13 21 3 0 0 3 2 6 1 0 0 0 0 0 0 0 0 0 0 0 0 0 0 0 0 0 0 0 0 13680 0 1 6 24 
30 15 20 1 0 0 0 8 0 0 0 12 16 8 0 0 3 4 4 0 0 0 0 0 0 0 0 0 0 0 0 0 0 0 0 0 0 0 0 0 9000 0 1 6 34 
30 15 20 1 0 0 0 9 0 0 0 9 21 3 0 0 2 7 3 0 1 0 0 0 0 0 0 0 0 0 0 0 0 0 0 0 0 0 0 0 3960 0 1 15 16 
30 15 20 1 0 0 0 9 0 0 0 10 18 6 0 0 3 5 3 1 0 0 0 0 0 0 0 0 0 0 0 0 0 0 0 0 0 0 0 0 19440 0 1 6 15 
30 15 20 1 0 0 0 10 0 0 0 8 20 4 0 0 3 6 2 2 0 0 0 0 0 0 0 0 0 0 0 0 0 0 0 0 0 0 0 0 15120 0 1 6 21 
30 15 20 1 0 0 0 11 0 0 0 6 22 2 0 0 3 7 1 3 0 0 0 0 0 0 0 0 0 0 0 0 0 0 0 0 0 0 0 0 1440 0 1 16 35 
30 15 20 1 0 0 0 12 0 0 0 4 24 0 0 0 3 8 0 4 0 0 0 0 0 0 0 0 0 0 0 0 0 0 0 0 0 0 0 0 180 0 5 6 27 
30 18 16 2 0 0 0 5 0 0 0 14 22 2 0 0 2 4 4 2 0 0 0 0 0 0 0 0 0 0 0 0 0 0 0 0 0 0 0 0 10800 0 1 6 8 
30 18 16 2 0 0 0 7 0 0 0 12 20 4 0 0 1 8 2 0 1 0 0 0 0 0 0 0 0 0 0 0 0 0 0 0 0 0 0 0 1980 0 1 16 20 
30 18 16 2 0 0 0 7 0 0 0 13 17 7 0 0 2 6 2 1 0 0 0 0 0 0 0 0 0 0 0 0 0 0 0 0 0 0 0 0 8640 0 1 6 19 
30 21 12 3 0 0 0 4 0 0 0 15 23 1 0 0 1 6 2 3 0 0 0 0 0 0 0 0 0 0 0 0 0 0 0 0 0 0 0 0 720 0 6 14 28 
30 21 12 3 0 0 0 6 0 0 0 14 18 6 0 0 1 8 0 2 0 0 0 0 0 0 0 0 0 0 0 0 0 0 0 0 0 0 0 0 1080 0 1 16 23 
30 24 8 4 0 0 0 3 0 0 0 16 24 0 0 0 0 8 0 4 0 0 0 0 0 0 0 0 0 0 0 0 0 0 0 0 0 0 0 0 45 0 1 15 30 
30 30 0 6 0 0 0 16 0 0 0 0 20 4 0 0 7 0 8 0 0 0 0 0 0 0 0 0 0 0 0 0 0 0 0 0 0 0 0 0 1980 0 1 6 7 
33 12 19 2 0 0 0 9 0 0 0 12 15 6 0 0 2 5 6 0 0 0 0 0 0 0 0 0 0 0 0 0 0 0 0 0 0 0 0 0 6840 0 1 3 8 
33 12 19 2 0 0 0 10 0 0 0 10 17 4 0 0 2 6 5 1 0 0 0 0 0 0 0 0 0 0 0 0 0 0 0 0 0 0 0 0 22680 0 1 2 6 
33 12 19 2 0 0 0 11 0 0 0 8 19 2 0 0 2 7 4 2 0 0 0 0 0 0 0 0 0 0 0 0 0 0 0 0 0 0 0 0 9720 0 1 3 15 
33 12 19 2 0 0 0 12 0 0 0 6 21 0 0 0 2 8 3 3 0 0 0 0 0 0 0 0 0 0 0 0 0 0 0 0 0 0 0 0 360 0 1 24 39 
33 15 15 3 0 0 0 8 0 0 0 13 16 5 0 0 1 7 4 1 0 0 0 0 0 0 0 0 0 0 0 0 0 0 0 0 0 0 0 0 9000 0 1 2 22 
33 18 11 4 0 0 0 7 0 0 0 14 17 4 0 0 0 9 2 2 0 0 0 0 0 0 0 0 0 0 0 0 0 0 0 0 0 0 0 0 2520 0 1 6 29 
36 9 18 3 0 0 0 10 0 0 0 12 14 4 0 0 1 6 8 0 0 0 0 0 0 0 0 0 0 0 0 0 0 0 0 0 0 0 0 0 2880 0 1 3 5 
36 9 18 3 0 0 0 11 0 0 0 10 16 2 0 0 1 7 7 1 0 0 0 0 0 0 0 0 0 0 0 0 0 0 0 0 0 0 0 0 2160 0 5 12 19 
36 9 18 3 0 0 0 12 0 0 0 8 18 0 0 0 1 8 6 2 0 0 0 0 0 0 0 0 0 0 0 0 0 0 0 0 0 0 0 0 360 0 6 28 29 
36 12 14 4 0 0 0 9 0 0 0 13 15 3 0 0 0 8 6 1 0 0 0 0 0 0 0 0 0 0 0 0 0 0 0 0 0 0 0 0 2880 0 1 3 18 
39 6 17 4 0 0 0 11 0 0 0 12 13 2 0 0 0 7 10 0 0 0 0 0 0 0 0 0 0 0 0 0 0 0 0 0 0 0 0 0 360 0 5 19 32 
39 6 17 4 0 0 0 12 0 0 0 10 15 0 0 0 0 8 9 1 0 0 0 0 0 0 0 0 0 0 0 0 0 0 0 0 0 0 0 0 180 0 1 2 3 
