606
0 0 0 0 0 0 10001929368
1 0 0 0 0 0 7922266752
1 1 0 0 0 0 -8170431809
2 0 0 0 0 0 -118
2 0 0 0 0 1 7066
2 0 0 0 0 2 589
2 0 0 0 0 3 -7199
2 0 0 0 0 4 -606
2 0 0 0 0 5 291
2 0 0 0 0 6 16
3 0 36 36 36 0 -1893157912
3 0 36 36 36 1 10923
3 0 36 36 36 2 -357554
3 0 36 36 36 3 21971
3 0 37 36 35 0 -1895729928
3 0 37 36 35 1 -1110
3 0 37 36 35 2 -632843
3 0 37 36 35 3 45599
3 0 37 36 35 4 -218073
3 0 37 36 35 5 15457
3 0 37 36 35 6 -987673
3 0 37 36 35 7 72655
3 0 37 37 34 0 -1900981128
3 0 37 37 34 1 -21786
3 0 37 37 34 2 -1033024
3 0 37 37 34 3 94934
3 0 37 37 34 4 -181752
3 0 37 37 34 5 14904
3 0 38 35 35 0 -1900766794
3 0 38 35 35 1 1880
3 0 38 35 35 2 144245
3 0 38 35 35 3 -11811
3 0 38 35 35 4 -363136
3 0 38 35 35 5 17521
3 0 38 36 34 0 -1903424504
3 0 38 36 34 1 16159
3 0 38 36 34 2 115603
3 0 38 36 34 3 -16849
3 0 38 36 34 4 547742
3 0 38 36 34 5 -41567
3 0 38 36 34 6 444643
3 0 38 36 34 7 -46925
3 0 38 37 33 0 -1911425550
3 0 38 37 33 1 -37467
3 0 38 37 33 2 -757744
3 0 38 37 33 3 76177
3 0 38 37 33 4 -488165
3 0 38 37 33 5 47292
3 0 38 37 33 6 -291435
3 0 38 37 33 7 27788
3 0 38 38 32 0 -1924155072
3 0 38 38 32 1 -21992
3 0 38 38 32 2 136355
3 0 38 38 32 3 -8389
3 0 38 38 32 4 625006
3 0 38 38 32 5 -38962
3 0 39 35 34 0 -1910786841
3 0 39 35 34 1 -10143
3 0 39 35 34 2 -895906
3 0 39 35 34 3 68675
3 0 39 35 34 4 -558965
3 0 39 35 34 5 43237
3 0 39 35 34 6 -898741
3 0 39 35 34 7 66087
3 0 39 36 33 0 -1916166481
3 0 39 36 33 1 12318
3 0 39 36 33 2 622769
3 0 39 36 33 3 -53307
3 0 39 36 33 4 265500
3 0 39 36 33 5 -23424
3 0 39 36 33 6 490819
3 0 39 36 33 7 -49386
3 0 39 37 32 0 -1926068966
3 0 39 37 32 1 -6322
3 0 39 37 32 2 -470388
3 0 39 37 32 3 39529
3 0 39 37 32 4 478014
3 0 39 37 32 5 -30440
3 0 39 37 32 6 1291159
3 0 39 37 32 7 -95192
3 0 39 38 31 0 -1938342639
3 0 39 38 31 1 -24377
3 0 39 38 31 2 521889
3 0 39 38 31 3 -38577
3 0 39 38 31 4 -56998
3 0 39 38 31 5 7417
3 0 39 38 31 6 477422
3 0 39 38 31 7 -29516
3 0 39 39 30 0 -1957212790
3 0 39 39 30 1 -13594
3 0 39 39 30 2 489932
3 0 39 39 30 3 -45612
3 0 39 39 30 4 940066
3 0 39 39 30 5 -65500
3 0 40 34 34 0 -1922866287
3 0 40 34 34 1 -21437
3 0 40 34 34 2 -637801
3 0 40 34 34 3 52308
3 0 40 34 34 4 -888945
3 0 40 34 34 5 65291
3 0 40 35 33 0 -1925543123
3 0 40 35 33 1 -16319
3 0 40 35 33 2 -623318
3 0 40 35 33 3 50127
3 0 40 35 33 4 -772942
3 0 40 35 33 5 59418
3 0 40 35 33 6 -833003
3 0 40 35 33 7 61252
3 0 40 36 32 0 -1931781957
3 0 40 36 32 1 -7627
3 0 40 36 32 2 -849395
3 0 40 36 32 3 62112
3 0 40 36 32 4 943182
3 0 40 36 32 5 -60088
3 0 40 36 32 6 129786
3 0 40 36 32 7 -17289
3 0 40 37 31 0 -1941541450
3 0 40 37 31 1 -35514
3 0 40 37 31 2 949283
3 0 40 37 31 3 -70877
3 0 40 37 31 4 -905017
3 0 40 37 31 5 73404
3 0 40 37 31 6 1156936
3 0 40 37 31 7 -75671
3 0 40 38 30 0 -1958368150
3 0 40 38 30 1 -45270
3 0 40 38 30 2 725868
3 0 40 38 30 3 -46597
3 0 40 38 30 4 43325
3 0 40 38 30 5 10702
3 0 40 38 30 6 1368242
3 0 40 38 30 7 -90955
3 0 40 39 29 0 -1981484770
3 0 40 39 29 1 -45973
3 0 40 39 29 2 564354
3 0 40 39 29 3 -50680
3 0 40 39 29 4 1225368
3 0 40 39 29 5 -67927
3 0 40 39 29 6 1448296
3 0 40 39 29 7 -90955
3 0 40 40 28 0 -2010575650
3 0 40 40 28 1 -48581
3 0 40 40 28 2 724428
3 0 40 40 28 3 -47297
3 0 40 40 28 4 1170686
3 0 40 40 28 5 -77221
3 0 41 34 33 0 -1936388834
3 0 41 34 33 1 -27467
3 0 41 34 33 2 790536
3 0 41 34 33 3 -56034
3 0 41 34 33 4 1472568
3 0 41 34 33 5 -100385
3 0 41 34 33 6 404864
3 0 41 34 33 7 -40728
3 0 41 35 32 0 -1941523274
3 0 41 35 32 1 -14049
3 0 41 35 32 2 726126
3 0 41 35 32 3 -52677
3 0 41 35 32 4 162307
3 0 41 35 32 5 -10939
3 0 41 35 32 6 235251
3 0 41 35 32 7 -28027
3 0 41 36 31 0 -1949540289
3 0 41 36 31 1 -22320
3 0 41 36 31 2 928339
3 0 41 36 31 3 -70877
3 0 41 36 31 4 1064673
3 0 41 36 31 5 -72088
3 0 41 36 31 6 749827
3 0 41 36 31 7 -59610
3 0 41 37 30 0 -1963158437
3 0 41 37 30 1 -38688
3 0 41 37 30 2 404773
3 0 41 37 30 3 -36343
3 0 41 37 30 4 -560068
3 0 41 37 30 5 55694
3 0 41 37 30 6 332134
3 0 41 37 30 7 -26018
3 0 41 38 29 0 -1984231606
3 0 41 38 29 1 -55212
3 0 41 38 29 2 223131
3 0 41 38 29 3 -7984
3 0 41 38 29 4 19971
3 0 41 38 29 5 18851
3 0 41 38 29 6 1533522
3 0 41 38 29 7 -96489
3 0 41 39 28 0 -2011699000
3 0 41 39 28 1 -48419
3 0 41 39 28 2 711946
3 0 41 39 28 3 -45812
3 0 41 39 28 4 1471858
3 0 41 39 28 5 -95481
3 0 41 39 28 6 1508751
3 0 41 39 28 7 -91867
3 0 41 40 27 0 -2045039527
3 0 41 40 27 1 -114009
3 0 41 40 27 2 689275
3 0 41 40 27 3 2330
3 0 41 40 27 4 1140771
3 0 41 40 27 5 -59406
3 0 41 40 27 6 1255020
3 0 41 40 27 7 -62737
3 0 41 41 26 0 -2083732092
3 0 41 41 26 1 -145161
3 0 41 41 26 2 567279
3 0 41 41 26 3 47483
3 0 41 41 26 4 1108525
3 0 41 41 26 5 -48882
3 0 43 43 22 0 -2295059296
3 0 43 43 22 1 -135436
3 0 43 43 22 2 -1692705
3 0 43 43 22 3 240500
3 0 43 43 22 4 -454815
3 0 43 43 22 5 66110
3 0 44 43 21 0 -2360706395
3 0 44 43 21 1 -120894
3 0 44 43 21 2 -1733355
3 0 44 43 21 3 278474
3 0 44 43 21 4 -578245
3 0 44 43 21 5 63030
3 0 44 43 21 6 -1266184
3 0 44 43 21 7 113750
3 0 45 41 22 0 -2295995625
3 0 45 41 22 1 -307958
3 0 45 41 22 2 -1844392
3 0 45 41 22 3 235005
3 0 45 41 22 4 1839588
3 0 45 41 22 5 -79108
3 0 45 41 22 6 -670989
3 0 45 41 22 7 165049
3 1 36 36 35 0 1954901683
3 1 36 36 35 1 -16766
3 1 36 36 35 2 -355456
3 1 36 36 35 3 34408
3 1 36 36 35 4 -354460
3 1 36 36 35 5 34468
3 1 37 35 35 0 1957495137
3 1 37 35 35 1 -16590
3 1 37 35 35 2 -354440
3 1 37 35 35 3 34323
3 1 37 35 35 4 -358051
3 1 37 35 35 5 34905
3 1 37 36 34 0 1960221725
3 1 37 36 34 1 -16415
3 1 37 36 34 2 -358717
3 1 37 36 34 3 34519
3 1 37 36 34 4 -355969
3 1 37 36 34 5 34573
3 1 37 36 34 6 -356965
3 1 37 36 34 7 34777
3 1 37 37 33 0 1968433700
3 1 37 37 33 1 -16011
3 1 37 37 33 2 -364487
3 1 37 37 33 3 34837
3 1 37 37 33 4 -362019
3 1 37 37 33 5 35137
3 1 38 35 34 0 1965372129
3 1 38 35 34 1 -16161
3 1 38 35 34 2 -359574
3 1 38 35 34 3 34649
3 1 38 35 34 4 -361912
3 1 38 35 34 5 34963
3 1 38 35 34 6 -362570
3 1 38 35 34 7 35424
3 1 38 36 33 0 1970961304
3 1 38 36 33 1 -15883
3 1 38 36 33 2 -361085
3 1 38 36 33 3 34647
3 1 38 36 33 4 -361172
3 1 38 36 33 5 34982
3 1 38 36 33 6 -364783
3 1 38 36 33 7 35504
3 1 38 37 32 0 1982236283
3 1 38 37 32 1 -15499
3 1 38 37 32 2 -373482
3 1 38 37 32 3 35496
3 1 38 37 32 4 -376749
3 1 38 37 32 5 36252
3 1 38 37 32 6 -376752
3 1 38 37 32 7 36345
3 1 38 38 31 0 1999228563
3 1 38 38 31 1 -15163
3 1 38 38 31 2 -366766
3 1 38 38 31 3 35008
3 1 38 38 31 4 -392370
3 1 38 38 31 5 37421
3 1 39 34 34 0 1975685107
3 1 39 34 34 1 -15877
3 1 39 34 34 2 -363177
3 1 39 34 34 3 35179
3 1 39 34 34 4 -373859
3 1 39 34 34 5 36542
3 1 39 35 33 0 1978544114
3 1 39 35 33 1 -15538
3 1 39 35 33 2 -366639
3 1 39 35 33 3 35285
3 1 39 35 33 4 -372271
3 1 39 35 33 5 35859
3 1 39 35 33 6 -373548
3 1 39 35 33 7 36426
3 1 39 36 32 0 1987211324
3 1 39 36 32 1 -15192
3 1 39 36 32 2 -366956
3 1 39 36 32 3 35143
3 1 39 36 32 4 -372720
3 1 39 36 32 5 35926
3 1 39 36 32 6 -377118
3 1 39 36 32 7 36558
3 1 39 37 31 0 2001676000
3 1 39 37 31 1 -14640
3 1 39 37 31 2 -384501
3 1 39 37 31 3 36346
3 1 39 37 31 4 -395575
3 1 39 37 31 5 37634
3 1 39 37 31 6 -390931
3 1 39 37 31 7 37400
3 1 39 38 30 0 2021918816
3 1 39 38 30 1 -14189
3 1 39 38 30 2 -382670
3 1 39 38 30 3 36150
3 1 39 38 30 4 -414153
3 1 39 38 30 5 38904
3 1 39 38 30 6 -412804
3 1 39 38 30 7 38747
3 1 39 39 29 0 2048141625
3 1 39 39 29 1 -13386
3 1 39 39 29 2 -381711
3 1 39 39 29 3 36005
3 1 39 39 29 4 -437289
3 1 39 39 29 5 40247
3 1 40 34 33 0 1991265878
3 1 40 34 33 1 -15047
3 1 40 34 33 2 -377008
3 1 40 34 33 3 36413
3 1 40 34 33 4 -378993
3 1 40 34 33 5 36645
3 1 40 34 33 6 -386537
3 1 40 34 33 7 37738
3 1 40 35 32 0 1997191468
3 1 40 35 32 1 -14745
3 1 40 35 32 2 -381312
3 1 40 35 32 3 36574
3 1 40 35 32 4 -385868
3 1 40 35 32 5 37093
3 1 40 35 32 6 -395292
3 1 40 35 32 7 38271
3 1 40 36 31 0 2009570899
3 1 40 36 31 1 -14225
3 1 40 36 31 2 -379856
3 1 40 36 31 3 36269
3 1 40 36 31 4 -394778
3 1 40 36 31 5 37648
3 1 40 36 31 6 -400517
3 1 40 36 31 7 38338
3 1 40 37 30 0 2028495792
3 1 40 37 30 1 -13959
3 1 40 37 30 2 -394477
3 1 40 37 30 3 37231
3 1 40 37 30 4 -413168
3 1 40 37 30 5 39075
3 1 40 37 30 6 -417500
3 1 40 37 30 7 39292
3 1 40 38 29 0 2052505941
3 1 40 38 29 1 -13548
3 1 40 38 29 2 -371735
3 1 40 38 29 3 35354
3 1 40 38 29 4 -431913
3 1 40 38 29 5 40037
3 1 40 38 29 6 -437682
3 1 40 38 29 7 40343
3 1 40 39 28 0 2081601346
3 1 40 39 28 1 -12398
3 1 40 39 28 2 -404338
3 1 40 39 28 3 37685
3 1 40 39 28 4 -458598
3 1 40 39 28 5 41583
3 1 40 39 28 6 -470173
3 1 40 39 28 7 42220
3 1 40 40 27 0 2118398209
3 1 40 40 27 1 -10791
3 1 40 40 27 2 -448145
3 1 40 40 27 3 41029
3 1 40 40 27 4 -499206
3 1 40 40 27 5 43779
3 1 41 33 33 0 2010045665
3 1 41 33 33 1 -14067
3 1 41 33 33 2 -382274
3 1 41 33 33 3 37238
3 1 41 33 33 4 -386545
3 1 41 33 33 5 37975
3 1 41 34 32 0 2013647657
3 1 41 34 32 1 -14069
3 1 41 34 32 2 -367196
3 1 41 34 32 3 36072
3 1 41 34 32 4 -398180
3 1 41 34 32 5 38396
3 1 41 34 32 6 -392936
3 1 41 34 32 7 38370
3 1 41 35 31 0 2023515236
3 1 41 35 31 1 -14829
3 1 41 35 31 2 -313268
3 1 41 35 31 3 32155
3 1 41 35 31 4 -396156
3 1 41 35 31 5 38193
3 1 41 35 31 6 -399034
3 1 41 35 31 7 38615
3 1 41 36 30 0 2039440108
3 1 41 36 30 1 -13434
3 1 41 36 30 2 -368254
3 1 41 36 30 3 35704
3 1 41 36 30 4 -409599
3 1 41 36 30 5 38849
3 1 41 36 30 6 -417585
3 1 41 36 30 7 39571
3 1 41 37 29 0 2060563329
3 1 41 37 29 1 -13218
3 1 41 37 29 2 -389140
3 1 41 37 29 3 37078
3 1 41 37 29 4 -421184
3 1 41 37 29 5 39789
3 1 41 37 29 6 -438995
3 1 41 37 29 7 40737
3 1 41 38 28 0 2086884899
3 1 41 38 28 1 -12698
3 1 41 38 28 2 -385921
3 1 41 38 28 3 36583
3 1 41 38 28 4 -466634
3 1 41 38 28 5 42468
3 1 41 38 28 6 -461624
3 1 41 38 28 7 41984
3 1 41 39 27 0 2118692109
3 1 41 39 27 1 -10852
3 1 41 39 27 2 -438834
3 1 41 39 27 3 40500
3 1 41 39 27 4 -505083
3 1 41 39 27 5 44431
3 1 41 39 27 6 -500533
3 1 41 39 27 7 43986
3 1 41 40 26 0 2158568303
3 1 41 40 26 1 -8983
3 1 41 40 26 2 -500647
3 1 41 40 26 3 45372
3 1 41 40 26 4 -538616
3 1 41 40 26 5 46053
3 1 41 40 26 6 -553430
3 1 41 40 26 7 46810
3 1 41 41 25 0 2201532115
3 1 41 41 25 1 -7516
3 1 41 41 25 2 -527011
3 1 41 41 25 3 47481
3 1 41 41 25 4 -593076
3 1 41 41 25 5 48846
3 1 42 36 29 0 2074944305
3 1 42 36 29 1 -12533
3 1 42 36 29 2 -377463
3 1 42 36 29 3 36885
3 1 42 36 29 4 -442071
3 1 42 36 29 5 41551
3 1 42 36 29 6 -439582
3 1 42 36 29 7 41266
3 1 42 39 26 0 2162857495
3 1 42 39 26 1 -9159
3 1 42 39 26 2 -487563
3 1 42 39 26 3 44692
3 1 42 39 26 4 -534963
3 1 42 39 26 5 46298
3 1 42 39 26 6 -576960
3 1 42 39 26 7 48529
3 1 42 40 25 0 2206433855
3 1 42 40 25 1 -7474
3 1 42 40 25 2 -527953
3 1 42 40 25 3 47686
3 1 42 40 25 4 -581635
3 1 42 40 25 5 48478
3 1 42 40 25 6 -606785
3 1 42 40 25 7 49612
3 1 42 41 24 0 2252037627
3 1 42 41 24 1 -5745
3 1 42 41 24 2 -556715
3 1 42 41 24 3 49766
3 1 42 41 24 4 -654812
3 1 42 41 24 5 52089
3 1 42 41 24 6 -638399
3 1 42 41 24 7 50906
3 1 43 40 24 0 2258206677
3 1 43 40 24 1 -4719
3 1 43 40 24 2 -584717
3 1 43 40 24 3 52812
3 1 43 40 24 4 -640315
3 1 43 40 24 5 51460
3 1 43 40 24 6 -672861
3 1 43 40 24 7 53053
3 1 43 41 23 0 2308385116
3 1 43 41 23 1 -3374
3 1 43 41 23 2 -627878
3 1 43 41 23 3 56356
3 1 43 41 23 4 -695125
3 1 43 41 23 5 53713
3 1 43 41 23 6 -702349
3 1 43 41 23 7 54139
3 1 43 42 22 0 2365855638
3 1 43 42 22 1 -1393
3 1 43 42 22 2 -671750
3 1 43 42 22 3 59920
3 1 43 42 22 4 -750427
3 1 43 42 22 5 55971
3 1 43 42 22 6 -852165
3 1 43 42 22 7 62066
3 1 43 43 21 0 2429684796
3 1 43 43 21 1 2146
3 1 43 43 21 2 -736388
3 1 43 43 21 3 67066
3 1 43 43 21 4 -909342
3 1 43 43 21 5 63813
3 1 44 40 23 0 2315151957
3 1 44 40 23 1 -4274
3 1 44 40 23 2 -618826
3 1 44 40 23 3 56292
3 1 44 40 23 4 -613725
3 1 44 40 23 5 49728
3 1 44 40 23 6 -1544260
3 1 44 40 23 7 105217
3 1 44 41 22 0 2370174321
3 1 44 41 22 1 -626
3 1 44 41 22 2 -668710
3 1 44 41 22 3 60128
3 1 44 41 22 4 -764367
3 1 44 41 22 5 57243
3 1 44 41 22 6 -820438
3 1 44 41 22 7 60064
3 1 44 42 21 0 2432295383
3 1 44 42 21 1 2162
3 1 44 42 21 2 -722687
3 1 44 42 21 3 64776
3 1 44 42 21 4 -841160
3 1 44 42 21 5 60122
3 1 44 42 21 6 -996936
3 1 44 42 21 7 69054
3 1 44 43 20 0 2500000000
3 1 44 43 20 1 4693
3 1 44 43 20 2 -795056
3 1 44 43 20 3 72789
3 1 44 43 20 4 -997800
3 1 44 43 20 5 67738
3 1 44 43 20 6 -968106
3 1 44 43 20 7 65687
3 1 45 37 25 0 2244799676
3 1 45 37 25 1 -4154
3 1 45 37 25 2 -560996
3 1 45 37 25 3 52998
3 1 45 37 25 4 -626044
3 1 45 37 25 5 53855
3 1 45 37 25 6 -2549680
3 1 45 37 25 7 165049
3 1 45 38 24 0 2292356180
3 1 45 38 24 1 -3843
3 1 45 38 24 2 -571882
3 1 45 38 24 3 53591
3 1 45 38 24 4 -634390
3 1 45 38 24 5 53181
3 1 45 38 24 6 -2561523
3 1 45 38 24 7 165049
3 1 45 39 23 0 2332194735
3 1 45 39 23 1 -2188
3 1 45 39 23 2 -616006
3 1 45 39 23 3 57148
3 1 45 39 23 4 -662731
3 1 45 39 23 5 53679
3 1 45 39 23 6 -2583106
3 1 45 39 23 7 165049
3 1 45 40 22 0 2382439787
3 1 45 40 22 1 -1131
3 1 45 40 22 2 -664591
3 1 45 40 22 3 60658
3 1 45 40 22 4 -775803
3 1 45 40 22 5 59102
3 1 45 40 22 6 -2591721
3 1 45 40 22 7 165049
3 1 45 41 21 0 2437926336
3 1 45 41 21 1 1724
3 1 45 41 21 2 -719465
3 1 45 41 21 3 65328
3 1 45 41 21 4 -800762
3 1 45 41 21 5 58709
3 1 45 41 21 6 -2624425
3 1 45 41 21 7 165049
4 0 40 34 34 0 0
4 0 40 35 33 0 0
4 0 40 36 32 0 0
4 0 40 37 31 0 0
4 0 40 38 30 0 0
4 0 40 39 29 0 0
4 0 40 40 28 0 0
4 0 41 40 27 0 0
4 1 40 34 33 0 0
4 1 40 35 32 0 0
4 1 40 36 31 0 0
4 1 40 37 30 0 0
4 1 40 38 29 0 0
4 1 40 39 28 0 0
4 1 40 40 27 0 0
4 1 41 40 26 0 0
4 1 42 40 25 0 0
4 1 43 40 24 0 0
4 1 44 40 23 0 0
4 1 45 40 22 0 0
97
45 41 23
45 40 24
45 39 25
45 38 26
45 37 27
45 36 28
45 35 29
45 34 30
45 33 31
45 32 32
44 42 23
44 41 24
44 40 25
44 39 26
44 38 27
44 37 28
44 36 29
44 35 30
44 34 31
44 33 32
43 43 23
43 42 24
43 41 25
43 40 26
43 39 27
43 38 28
43 37 29
43 36 30
43 35 31
43 34 32
43 33 33
45 38 25
45 37 26
45 36 27
45 35 28
45 34 29
45 33 30
45 32 31
44 40 24
44 39 25
44 38 26
44 37 27
44 36 28
44 35 29
44 34 30
44 33 31
44 32 32
43 40 25
43 39 26
43 38 27
43 37 28
43 36 29
43 35 30
43 34 31
43 33 32
45 35 27
45 34 28
45 33 29
45 32 30
44 38 25
44 37 26
44 36 27
44 35 28
44 34 29
44 33 30
44 32 31
43 35 29
45 33 28
42 35 32
42 42 25
42 36 31
42 41 26
42 40 27
42 39 28
42 38 29
42 37 30
42 34 33
43 42 23
43 41 24
42 42 24
42 40 26
42 38 28
42 37 29
42 34 32
43 38 26
43 37 27
43 36 28
43 34 30
43 33 31
43 32 32
42 41 25
42 39 27
42 35 31
42 33 33
44 41 23
42 36 30
45 39 24
26
45 45 7
45 43 15
44 44 15
45 42 20
44 43 22
41 41 27
41 40 28
41 39 29
41 38 30
41 37 31
41 36 32
41 35 33
41 34 34
45 40 23
44 42 22
45 31 31
44 39 24
43 39 25
42 42 23
42 38 27
42 37 28
42 34 31
42 33 32
44 34 28
45 36 26
42 35 30
18
112 112 29
112 111 35
112 110 45
111 111 45
112 109 51
111 110 51
111 108 56
110 109 56
109 109 57
112 105 58
111 106 58
112 104 59
111 105 59
112 103 60
111 104 60
112 102 61
111 103 61
111 102 62
44
14 13 13 5014216
14 14 12 0
15 13 12 0
15 14 11 1944481
15 15 10 1664737
16 12 12 767352
16 13 11 0
16 14 10 1150364
16 15 9 1349944
16 16 8 2299399
17 12 11 2681952
17 13 10 0
17 14 9 3217722
17 15 8 2202089
17 16 7 419298
17 17 6 2977790
18 11 11 1868022
18 12 10 2409059
18 13 9 2201237
18 14 8 1845550
18 15 7 2110709
18 16 6 1585079
18 17 5 3916551
18 18 4 1599695
19 11 10 0
19 12 9 1655966
19 13 8 1241676
19 14 7 0
19 15 6 0
19 16 5 0
19 17 4 0
19 18 3 0
19 19 2 0
20 10 10 0
20 11 9 235646
20 12 8 0
20 13 7 0
20 14 6 0
20 15 5 0
20 16 4 0
20 17 3 0
20 18 2 0
20 19 1 0
20 20 0 0
