97
45 41 23
45 40 24
45 39 25
45 38 26
45 37 27
45 36 28
45 35 29
45 34 30
45 33 31
45 32 32
44 42 23
44 41 24
44 40 25
44 39 26
44 38 27
44 37 28
44 36 29
44 35 30
44 34 31
44 33 32
43 43 23
43 42 24
43 41 25
43 40 26
43 39 27
43 38 28
43 37 29
43 36 30
43 35 31
43 34 32
43 33 33
45 38 25
45 37 26
45 36 27
45 35 28
45 34 29
45 33 30
45 32 31
44 40 24
44 39 25
44 38 26
44 37 27
44 36 28
44 35 29
44 34 30
44 33 31
44 32 32
43 40 25
43 39 26
43 38 27
43 37 28
43 36 29
43 35 30
43 34 31
43 33 32
45 35 27
45 34 28
45 33 29
45 32 30
44 38 25
44 37 26
44 36 27
44 35 28
44 34 29
44 33 30
44 32 31
43 35 29
45 33 28
42 35 32
42 42 25
42 36 31
42 41 26
42 40 27
42 39 28
42 38 29
42 37 30
42 34 33
43 42 23
43 41 24
42 42 24
42 40 26
42 38 28
42 37 29
42 34 32
43 38 26
43 37 27
43 36 28
43 34 30
43 33 31
43 32 32
42 41 25
42 39 27
42 35 31
42 33 33
44 41 23
42 36 30
45 39 24
26
45 45 7
45 43 15
44 44 15
45 42 20
44 43 22
41 41 27
41 40 28
41 39 29
41 38 30
41 37 31
41 36 32
41 35 33
41 34 34
45 40 23
44 42 22
45 31 31
44 39 24
43 39 25
42 42 23
42 38 27
42 37 28
42 34 31
42 33 32
44 34 28
45 36 26
42 35 30
4
20 19 2
20 18 3
19 19 3
19 18 4
14
19 11 11
19 12 10
19 13 9
19 14 8
19 15 7
19 18 4
19 19 3
20 11 10
20 12 9
20 13 8
20 14 7
20 17 4
20 18 3
20 19 2
79
36 35 35
36 36 34
37 35 34
37 36 33
37 37 32
38 34 34
38 35 33
38 36 32
38 37 31
38 38 30
39 34 33
39 35 32
39 36 31
39 37 30
39 38 29
39 39 28
40 33 33
40 34 32
40 35 31
40 36 30
40 37 29
40 38 28
40 39 27
40 40 26
41 33 32
41 34 31
41 35 30
41 36 29
41 37 28
41 38 27
41 39 26
41 40 25
41 41 24
42 32 32
42 33 31
42 34 30
42 35 29
42 36 28
42 37 27
42 38 26
42 39 25
42 40 24
42 41 23
42 42 22
43 32 31
43 33 30
43 34 29
43 35 28
43 36 27
43 37 26
43 38 25
43 39 24
43 40 23
43 41 22
43 42 21
43 43 20
44 31 31
44 32 30
44 33 29
44 35 27
44 36 26
44 37 25
44 38 24
44 39 23
44 40 22
44 41 21
44 42 20
44 43 19
45 31 30
45 32 29
45 34 27
45 35 26
45 36 25
45 37 24
45 38 23
45 39 22
45 40 21
45 41 20
45 42 19
14
41 41 24
42 41 23
42 42 22
43 40 23
43 41 22
43 42 21
43 43 20
44 40 22
44 41 21
44 42 20
44 43 19
45 40 21
45 41 20
45 42 19
13
14 14 14
15 14 13
15 15 12
16 14 12
16 15 11
17 16 9
17 17 8
18 12 12
18 15 9
18 16 8
18 17 7
18 18 6
20 16 6
6
15 14 14
15 15 13
17 17 9
18 16 9
18 17 8
18 18 7
3
15 15 14
18 17 9
18 18 8
2
15 15 15
18 18 9
